prateek tanmay
1 9384 0 5000 1 -1 0 0 1 0 -1 -1 -1 0
0 9384 0 -1 -1 -1 0 1 1 0 5000 1 1 0
1 9384 0 2500 1 -1 0 0 1 0 -1 -1 -1 0
0 9384 0 -1 -1 -1 0 1 1 0 9140 1 1 0
1 9384 0 1250 1 -1 0 0 1 0 -1 -1 -1 0
0 9384 0 -1 -1 -1 0 1 1 0 9570 1 -1 0
1 9384 0 625 1 -1 0 0 1 0 -1 -1 -1 0
0 9384 0 -1 -1 -1 0 1 1 0 9355 1 1 0
1 9384 0 312 1 -1 0 0 1 0 -1 -1 -1 0
0 9384 0 -1 -1 -1 0 1 1 0 9462 1 -1 0
1 9384 0 156 1 -1 0 0 1 0 -1 -1 -1 0
0 9384 0 -1 -1 -1 0 1 1 0 9408 1 -1 0
1 9384 0 78 1 -1 0 0 1 0 -1 -1 -1 0
0 9384 0 -1 -1 -1 0 1 1 0 9381 1 1 0
1 9384 0 39 1 -1 0 0 1 0 -1 -1 -1 0
0 9384 0 -1 -1 -1 0 1 1 0 9394 1 -1 0
1 9384 0 19 1 -1 0 0 1 0 -1 -1 -1 0
0 9384 0 -1 -1 -1 0 1 1 0 9387 1 -1 0
1 9284 0 9 1 -1 0 0 1 0 -1 -1 -1 0
0 9284 0 -1 -1 -1 0 1 1 5 9384 3 0 0
1 887 0 4 1 -1 0 0 1 5 -1 -1 -1 0
0 887 0 -1 -1 -1 0 1 1 5 5000 1 -1 0
1 887 500 2 3 0 0 0 1 5 -1 -1 -1 0
0 887 500 -1 -1 -1 0 1 1 5 2500 1 -1 0
1 887 500 5000 1 -1 0 0 1 5 -1 -1 -1 0
0 887 500 -1 -1 -1 0 1 1 5 1250 1 -1 0
1 887 500 2500 1 -1 0 0 1 5 -1 -1 -1 0
0 887 500 -1 -1 -1 0 1 1 5 625 1 1 0
1 887 500 1250 1 -1 0 0 1 5 -1 -1 -1 0
0 887 500 -1 -1 -1 0 1 1 5 937 1 -1 0
1 887 500 625 1 -1 0 0 1 5 -1 -1 -1 0
0 887 500 -1 -1 -1 0 1 1 5 781 1 1 0
1 887 500 312 1 -1 0 0 1 5 -1 -1 -1 0
0 887 500 -1 -1 -1 0 1 1 5 859 1 1 0
1 887 500 156 1 -1 0 0 1 5 -1 -1 -1 0
0 887 500 -1 -1 -1 0 1 1 5 898 1 -1 0
1 887 500 78 1 -1 0 0 1 5 -1 -1 -1 0
0 887 500 -1 -1 -1 0 1 1 5 878 1 1 0
1 887 500 39 1 -1 0 0 1 5 -1 -1 -1 0
0 887 500 -1 -1 -1 0 1 1 5 888 1 -1 0
1 887 500 19 1 -1 0 0 1 5 -1 -1 -1 0
0 887 500 -1 -1 -1 0 1 1 5 883 1 1 0
1 887 500 9 1 -1 0 0 1 5 -1 -1 -1 0
0 887 500 -1 -1 -1 0 1 1 5 885 1 1 0
1 887 500 4 1 -1 0 0 1 5 -1 -1 -1 0
0 887 500 -1 -1 -1 0 1 1 5 886 1 1 0
1 987 500 2 1 -1 0 0 1 5 -1 -1 -1 0
0 987 500 -1 -1 -1 0 1 1 5 887 1 1 0
1 987 600 1 1 0 0 0 1 5 -1 -1 -1 0
0 987 600 -1 -1 -1 0 1 3 5 7722 1 -1 0
1 987 600 5000 1 -1 0 0 3 5 -1 -1 -1 0
0 987 600 -1 -1 -1 0 1 3 5 6582 1 -1 0
1 987 600 2500 1 -1 0 0 3 5 -1 -1 -1 0
0 987 600 -1 -1 -1 0 1 3 5 6012 1 -1 0
1 987 600 1250 1 -1 0 0 3 5 -1 -1 -1 0
0 987 600 -1 -1 -1 0 1 3 5 5727 1 -1 0
1 987 600 625 1 -1 0 0 3 5 -1 -1 -1 0
0 987 600 -1 -1 -1 0 1 3 5 5585 1 -1 0
1 987 600 312 1 -1 0 0 3 5 -1 -1 -1 0
0 987 600 -1 -1 -1 0 1 3 5 5514 1 -1 0
1 987 600 156 1 -1 0 0 3 5 -1 -1 -1 0
0 987 600 -1 -1 -1 0 1 3 5 5478 1 -1 0
1 987 600 78 1 -1 0 0 3 5 -1 -1 -1 0
0 987 600 -1 -1 -1 0 1 3 5 5460 1 -1 0
1 987 600 39 1 -1 0 0 3 5 -1 -1 -1 0
0 987 600 -1 -1 -1 0 1 3 5 5451 1 -1 0
1 987 600 19 1 -1 0 0 3 5 -1 -1 -1 0
0 987 600 -1 -1 -1 0 1 3 5 5447 1 -1 0
1 987 600 9 1 -1 0 0 3 5 -1 -1 -1 0
0 987 600 -1 -1 -1 0 1 3 5 5445 1 -1 0
1 987 600 4 1 -1 0 0 3 5 -1 -1 -1 0
0 987 600 -1 -1 -1 0 1 3 5 5444 1 -1 0
1 987 600 2 1 1 0 0 3 5 -1 -1 -1 0
0 987 600 -1 -1 -1 0 1 3 5 1361 1 -1 0
1 987 700 3 1 0 0 0 3 5 -1 -1 -1 0
0 987 700 -1 -1 -1 0 1 7 5 680 1 1 0
1 987 700 5000 1 -1 0 0 7 5 -1 -1 -1 0
0 987 700 -1 -1 -1 0 1 7 5 1020 1 -1 0
1 987 700 2500 1 -1 0 0 7 5 -1 -1 -1 0
0 987 700 -1 -1 -1 0 1 7 5 850 1 1 0
1 987 700 1250 1 -1 0 0 7 5 -1 -1 -1 0
0 987 700 -1 -1 -1 0 1 7 5 935 1 1 0
1 987 700 625 1 -1 0 0 7 5 -1 -1 -1 0
0 987 700 -1 -1 -1 0 1 7 5 977 1 1 0
1 987 700 312 1 -1 0 0 7 5 -1 -1 -1 0
0 987 700 -1 -1 -1 0 1 7 5 998 1 -1 0
1 987 700 156 1 -1 0 0 7 5 -1 -1 -1 0
0 987 700 -1 -1 -1 0 1 7 105 987 1 0 0
1 2778 700 78 1 -1 0 0 7 105 -1 -1 -1 0
0 2778 700 -1 -1 -1 0 1 7 105 5000 1 -1 0
1 2778 700 39 1 -1 0 0 7 105 -1 -1 -1 0
0 2778 700 -1 -1 -1 0 1 7 105 2500 1 1 0
1 2778 700 19 1 -1 0 0 7 105 -1 -1 -1 0
0 2778 700 -1 -1 -1 0 1 7 105 3750 1 -1 0
1 2778 700 9 1 -1 0 0 7 105 -1 -1 -1 0
0 2778 700 -1 -1 -1 0 1 7 105 3125 1 -1 0
1 2778 700 4 1 1 0 0 7 105 -1 -1 -1 0
0 2778 700 -1 -1 -1 0 1 7 105 2812 1 -1 0
1 2778 700 6 1 1 0 0 7 105 -1 -1 -1 0
0 2778 700 -1 -1 -1 0 1 7 105 2656 1 1 0
1 2778 800 7 1 0 0 0 7 105 -1 -1 -1 0
0 2778 800 -1 -1 -1 0 1 15 105 2734 1 1 0
1 2778 800 5000 1 -1 0 0 15 105 -1 -1 -1 0
0 2778 800 -1 -1 -1 0 1 15 105 2773 1 1 0
1 2778 800 2500 1 -1 0 0 15 105 -1 -1 -1 0
0 2778 800 -1 -1 -1 0 1 15 105 2792 1 -1 0
1 2778 800 1250 1 -1 0 0 15 105 -1 -1 -1 0
0 2778 800 -1 -1 -1 0 1 15 105 2782 1 -1 0
1 2778 800 625 1 -1 0 0 15 105 -1 -1 -1 0
0 2778 800 -1 -1 -1 0 1 15 105 2777 1 1 0
1 2778 800 312 1 -1 0 0 15 105 -1 -1 -1 0
0 2778 800 -1 -1 -1 0 1 15 105 2779 1 -1 0
1 2878 800 156 1 -1 0 0 15 105 -1 -1 -1 0
0 2878 800 -1 -1 -1 0 1 15 105 2778 1 1 0
1 2878 800 78 1 -1 0 0 15 105 -1 -1 -1 0
0 2878 800 -1 -1 -1 0 1 15 105 2085 1 1 0
1 2878 800 39 1 -1 0 0 15 105 -1 -1 -1 0
0 2878 800 -1 -1 -1 0 1 15 105 2432 1 1 0
1 2878 800 19 1 -1 0 0 15 105 -1 -1 -1 0
0 2878 800 -1 -1 -1 0 1 15 105 2606 1 1 0
1 2878 800 9 1 1 0 0 15 105 -1 -1 -1 0
0 2878 800 -1 -1 -1 0 1 15 105 2693 1 1 0
1 2878 800 14 1 1 0 0 15 105 -1 -1 -1 0
0 2878 800 -1 -1 -1 0 1 15 105 2736 1 1 0
1 2878 800 16 1 -1 0 0 15 105 -1 -1 -1 0
0 2878 800 -1 -1 -1 0 1 15 105 2758 1 1 0
1 2878 900 15 1 0 0 0 15 105 -1 -1 -1 0
0 2878 900 -1 -1 -1 0 1 31 105 2769 1 1 0
1 2878 900 5000 1 -1 0 0 31 105 -1 -1 -1 0
0 2878 900 -1 -1 -1 0 1 31 105 2774 1 1 0
1 2878 900 2500 1 -1 0 0 31 105 -1 -1 -1 0
0 2878 900 -1 -1 -1 0 1 31 105 2777 1 1 0
1 2878 900 1250 1 -1 0 0 31 105 -1 -1 -1 0
0 2878 900 -1 -1 -1 0 1 31 105 2778 1 1 0
1 2878 900 625 1 -1 0 0 31 105 -1 -1 -1 0
0 2878 900 -1 -1 -1 0 1 31 105 2779 1 1 0
1 2878 900 312 1 -1 0 0 31 105 -1 -1 -1 0
0 2878 900 -1 -1 -1 0 1 31 105 8195 1 -1 0
1 2878 900 156 1 -1 0 0 31 105 -1 -1 -1 0
0 2878 900 -1 -1 -1 0 1 31 105 7292 1 -1 0
1 2878 900 78 1 -1 0 0 31 105 -1 -1 -1 0
0 2878 900 -1 -1 -1 0 1 31 105 6840 1 -1 0
1 2878 900 39 1 -1 0 0 31 105 -1 -1 -1 0
0 2878 900 -1 -1 -1 0 1 31 105 6614 1 -1 0
1 2878 900 19 1 1 0 0 31 105 -1 -1 -1 0
0 2878 900 -1 -1 -1 0 1 31 105 6501 1 -1 0
1 2878 900 29 1 1 0 0 31 105 -1 -1 -1 0
0 2878 900 -1 -1 -1 0 1 31 105 6445 1 -1 0
1 2878 900 34 1 -1 0 0 31 105 -1 -1 -1 0
0 2878 900 -1 -1 -1 0 1 31 105 6417 1 -1 0
1 2878 1000 31 1 0 0 0 31 105 -1 -1 -1 0
0 2878 1000 -1 -1 -1 0 1 63 105 6403 1 -1 0
1 2878 1000 5000 1 -1 0 0 63 105 -1 -1 -1 0
0 2878 1000 -1 -1 -1 0 1 63 105 6396 1 -1 0
1 2878 1000 2500 1 -1 0 0 63 105 -1 -1 -1 0
0 2878 1000 -1 -1 -1 0 1 63 105 6392 1 -1 0
1 2878 1000 1250 1 -1 0 0 63 105 -1 -1 -1 0
0 2878 1000 -1 -1 -1 0 1 63 105 6390 1 -1 0
1 2878 1000 625 1 -1 0 0 63 105 -1 -1 -1 0
0 2878 1000 -1 -1 -1 0 1 63 105 6389 1 -1 0
1 2878 1000 312 1 -1 0 0 63 105 -1 -1 -1 0
0 2878 1000 -1 -1 -1 0 1 63 105 1597 1 1 0
1 2878 1000 156 1 -1 0 0 63 105 -1 -1 -1 0
0 2878 1000 -1 -1 -1 0 1 63 105 2396 1 1 0
1 2878 1000 78 1 -1 0 0 63 105 -1 -1 -1 0
0 2878 1000 -1 -1 -1 0 1 63 105 2795 1 1 0
1 2878 1000 39 1 1 0 0 63 105 -1 -1 -1 0
0 2878 1000 -1 -1 -1 0 1 63 105 2995 1 -1 0
1 2878 1000 58 1 1 0 0 63 105 -1 -1 -1 0
0 2878 1000 -1 -1 -1 0 1 63 105 2895 1 -1 0
1 2878 1000 68 1 -1 0 0 63 105 -1 -1 -1 0
0 2878 1000 -1 -1 -1 0 1 63 105 2845 1 1 0
1 2878 1100 63 1 0 0 0 63 105 -1 -1 -1 0
0 2878 1100 -1 -1 -1 0 1 127 105 2870 1 1 0
1 2878 1100 5000 1 -1 0 0 127 105 -1 -1 -1 0
0 2878 1100 -1 -1 -1 0 1 127 105 2882 1 -1 0
1 2878 1100 2500 1 -1 0 0 127 105 -1 -1 -1 0
0 2878 1100 -1 -1 -1 0 1 127 105 2876 1 1 0
1 2878 1100 1250 1 -1 0 0 127 105 -1 -1 -1 0
0 2878 1100 -1 -1 -1 0 1 127 105 2879 1 -1 0
1 2878 1100 625 1 -1 0 0 127 105 -1 -1 -1 0
0 2878 1100 -1 -1 -1 0 1 127 105 2877 1 1 0
1 2878 1100 312 1 -1 0 0 127 105 -1 -1 -1 0
0 2878 1100 -1 -1 -1 0 1 127 205 2878 1 0 0
1 6916 1100 156 1 -1 0 0 127 205 -1 -1 -1 0
0 6916 1100 -1 -1 -1 0 1 127 205 5000 1 1 0
1 6916 1100 78 1 1 0 0 127 205 -1 -1 -1 0
0 6916 1100 -1 -1 -1 0 1 127 205 7500 1 -1 0
1 6916 1100 117 1 1 0 0 127 205 -1 -1 -1 0
0 6916 1100 -1 -1 -1 0 1 127 205 6250 1 1 0
1 6916 1100 136 1 -1 0 0 127 205 -1 -1 -1 0
0 6916 1100 -1 -1 -1 0 1 127 205 6875 1 1 0
1 6916 1100 126 1 1 0 0 127 205 -1 -1 -1 0
0 6916 1100 -1 -1 -1 0 1 127 205 7187 1 -1 0
1 6916 1100 131 1 -1 0 0 127 205 -1 -1 -1 0
0 6916 1100 -1 -1 -1 0 1 127 205 7031 1 -1 0
1 6916 1100 128 1 -1 0 0 127 205 -1 -1 -1 0
0 6916 1100 -1 -1 -1 0 1 127 205 6953 1 -1 0
1 6916 1200 127 1 0 0 0 127 205 -1 -1 -1 0
0 6916 1200 -1 -1 -1 0 1 255 205 6914 1 1 0
1 6916 1200 5000 1 -1 0 0 255 205 -1 -1 -1 0
0 6916 1200 -1 -1 -1 0 1 255 205 6933 1 -1 0
1 6916 1200 2500 1 -1 0 0 255 205 -1 -1 -1 0
0 6916 1200 -1 -1 -1 0 1 255 205 6923 1 -1 0
1 6916 1200 1250 1 -1 0 0 255 205 -1 -1 -1 0
0 6916 1200 -1 -1 -1 0 1 255 205 6918 1 -1 0
1 6816 1200 625 1 -1 0 0 255 205 -1 -1 -1 0
0 6816 1200 -1 -1 -1 0 1 255 205 6916 1 -1 0
1 6816 1200 312 1 -1 0 0 255 205 -1 -1 -1 0
0 6816 1200 -1 -1 -1 0 1 255 205 6915 1 -1 0
1 6816 1200 156 1 1 0 0 255 205 -1 -1 -1 0
0 6816 1200 -1 -1 -1 0 1 255 205 1729 1 1 0
1 6816 1200 234 1 1 0 0 255 205 -1 -1 -1 0
0 6816 1200 -1 -1 -1 0 1 255 205 2593 1 1 0
1 6816 1200 273 1 -1 0 0 255 205 -1 -1 -1 0
0 6816 1200 -1 -1 -1 0 1 255 205 3025 1 1 0
1 6816 1200 253 1 1 0 0 255 205 -1 -1 -1 0
0 6816 1200 -1 -1 -1 0 1 255 205 3241 1 1 0
1 6816 1200 263 1 -1 0 0 255 205 -1 -1 -1 0
0 6816 1200 -1 -1 -1 0 1 255 205 3349 1 1 0
1 6816 1200 258 1 -1 0 0 255 205 -1 -1 -1 0
0 6816 1200 -1 -1 -1 0 1 255 205 3403 1 1 0
1 6816 1300 255 1 0 0 0 255 205 -1 -1 -1 0
0 6816 1300 -1 -1 -1 0 1 511 205 3430 1 1 0
1 6816 1300 5000 1 -1 0 0 511 205 -1 -1 -1 0
0 6816 1300 -1 -1 -1 0 1 511 205 3444 1 1 0
1 6816 1300 2500 1 -1 0 0 511 205 -1 -1 -1 0
0 6816 1300 -1 -1 -1 0 1 511 205 3451 1 1 0
1 6816 1300 1250 1 -1 0 0 511 205 -1 -1 -1 0
0 6816 1300 -1 -1 -1 0 1 511 205 3454 1 1 0
1 6816 1300 625 1 -1 0 0 511 205 -1 -1 -1 0
0 6816 1300 -1 -1 -1 0 1 511 205 3456 1 1 0
1 6816 1300 312 1 1 0 0 511 205 -1 -1 -1 0
0 6816 1300 -1 -1 -1 0 1 511 205 3457 1 1 0
1 6816 1300 468 1 1 0 0 511 205 -1 -1 -1 0
0 6816 1300 -1 -1 -1 0 1 511 205 8364 1 -1 0
1 6816 1300 546 1 -1 0 0 511 205 -1 -1 -1 0
0 6816 1300 -1 -1 -1 0 1 511 205 7546 1 -1 0
1 6816 1300 507 1 1 0 0 511 205 -1 -1 -1 0
0 6816 1300 -1 -1 -1 0 1 511 205 7137 1 -1 0
1 6816 1300 526 1 -1 0 0 511 205 -1 -1 -1 0
0 6816 1300 -1 -1 -1 0 1 511 205 6932 1 -1 0
1 6816 1300 516 1 -1 0 0 511 205 -1 -1 -1 0
0 6816 1300 -1 -1 -1 0 1 511 205 6830 1 -1 0
1 6816 1400 511 1 0 0 0 511 205 -1 -1 -1 0
0 6816 1400 -1 -1 -1 0 1 1023 205 6779 1 1 0
1 6816 1400 5000 1 -1 0 0 1023 205 -1 -1 -1 0
0 6816 1400 -1 -1 -1 0 1 1023 205 6804 1 1 0
1 6816 1400 2500 1 -1 0 0 1023 205 -1 -1 -1 0
0 6816 1400 -1 -1 -1 0 1 1023 205 6817 1 -1 0
1 6816 1400 1250 1 -1 0 0 1023 205 -1 -1 -1 0
0 6816 1400 -1 -1 -1 0 1 1023 205 6810 1 1 0
1 6816 1400 625 1 1 0 0 1023 205 -1 -1 -1 0
0 6816 1400 -1 -1 -1 0 1 1023 205 6813 1 1 0
1 6816 1400 937 1 1 0 0 1023 205 -1 -1 -1 0
0 6816 1400 -1 -1 -1 0 1 1023 205 6815 1 1 0
1 6816 1400 1093 1 -1 0 0 1023 205 -1 -1 -1 0
0 6816 1400 -1 -1 -1 0 1 1023 305 6816 1 0 0
1 7794 1400 1015 1 1 0 0 1023 305 -1 -1 -1 0
0 7794 1400 -1 -1 -1 0 1 1023 305 5000 1 1 0
1 7794 1400 1054 1 -1 0 0 1023 305 -1 -1 -1 0
0 7794 1400 -1 -1 -1 0 1 1023 305 7500 1 1 0
1 7794 1400 1034 1 -1 0 0 1023 305 -1 -1 -1 0
0 7794 1400 -1 -1 -1 0 1 1023 305 8750 1 -1 0
1 7794 1400 1024 1 -1 0 0 1023 305 -1 -1 -1 0
0 7794 1400 -1 -1 -1 0 1 1023 305 8125 1 -1 0
1 7794 1400 1019 1 1 0 0 1023 305 -1 -1 -1 0
0 7794 1400 -1 -1 -1 0 1 1023 305 7812 1 -1 0
1 7794 1400 1021 1 1 0 0 1023 305 -1 -1 -1 0
0 7794 1400 -1 -1 -1 0 1 1023 305 7656 1 1 0
1 7794 1400 1022 1 1 0 0 1023 305 -1 -1 -1 0
0 7794 1400 -1 -1 -1 0 1 1023 305 7734 1 1 0
1 7794 1500 1023 1 0 0 0 1023 305 -1 -1 -1 0
0 7794 1500 -1 -1 -1 0 1 2047 305 7773 1 1 0
1 7794 1500 5000 1 -1 0 0 2047 305 -1 -1 -1 0
0 7794 1500 -1 -1 -1 0 1 2047 305 7792 1 1 0
1 7794 1500 2500 1 -1 0 0 2047 305 -1 -1 -1 0
0 7794 1500 -1 -1 -1 0 1 2047 305 7802 1 -1 0
1 7794 1500 1250 1 1 0 0 2047 305 -1 -1 -1 0
0 7794 1500 -1 -1 -1 0 1 2047 305 7797 1 -1 0
1 7694 1500 1875 1 1 0 0 2047 305 -1 -1 -1 0
0 7694 1500 -1 -1 -1 0 1 2047 305 7794 1 -1 0
1 7694 1500 2187 1 -1 0 0 2047 305 -1 -1 -1 0
0 7694 1500 -1 -1 -1 0 1 2047 305 7793 1 -1 0
1 7694 1500 2031 1 1 0 0 2047 305 -1 -1 -1 0
0 7694 1500 -1 -1 -1 0 1 2047 305 1948 1 1 0
1 7694 1500 2109 1 -1 0 0 2047 305 -1 -1 -1 0
0 7694 1500 -1 -1 -1 0 1 2047 305 2922 1 1 0
1 7694 1500 2070 1 -1 0 0 2047 305 -1 -1 -1 0
0 7694 1500 -1 -1 -1 0 1 2047 305 3409 1 1 0
1 7694 1500 2050 1 -1 0 0 2047 305 -1 -1 -1 0
0 7694 1500 -1 -1 -1 0 1 2047 305 3653 1 1 0
1 7694 1500 2040 1 1 0 0 2047 305 -1 -1 -1 0
0 7694 1500 -1 -1 -1 0 1 2047 305 3775 1 1 0
1 7694 1500 2045 1 1 0 0 2047 305 -1 -1 -1 0
0 7694 1500 -1 -1 -1 0 1 2047 305 3836 1 1 0
1 7694 1600 2047 1 0 0 0 2047 305 -1 -1 -1 0
0 7694 1600 -1 -1 -1 0 1 4095 305 3866 1 1 0
1 7694 1600 5000 1 -1 0 0 4095 305 -1 -1 -1 0
0 7694 1600 -1 -1 -1 0 1 4095 305 3881 1 1 0
1 7694 1600 2500 1 1 0 0 4095 305 -1 -1 -1 0
0 7694 1600 -1 -1 -1 0 1 4095 305 3889 1 1 0
1 7694 1600 3750 1 1 0 0 4095 305 -1 -1 -1 0
0 7694 1600 -1 -1 -1 0 1 4095 305 3893 1 1 0
1 7694 1600 4375 1 -1 0 0 4095 305 -1 -1 -1 0
0 7694 1600 -1 -1 -1 0 1 4095 305 3895 1 1 0
1 7694 1600 4062 1 1 0 0 4095 305 -1 -1 -1 0
0 7694 1600 -1 -1 -1 0 1 4095 305 3896 1 1 0
1 7694 1600 4218 1 -1 0 0 4095 305 -1 -1 -1 0
0 7694 1600 -1 -1 -1 0 1 4095 305 8474 1 -1 0
1 7694 1600 4140 1 -1 0 0 4095 305 -1 -1 -1 0
0 7694 1600 -1 -1 -1 0 1 4095 305 7710 1 -1 0
1 7694 1600 4101 1 -1 0 0 4095 305 -1 -1 -1 0
0 7694 1600 -1 -1 -1 0 1 4095 305 7328 1 1 0
1 7694 1600 4081 1 1 0 0 4095 305 -1 -1 -1 0
0 7694 1600 -1 -1 -1 0 1 4095 305 7519 1 1 0
1 7694 1600 4091 1 1 0 0 4095 305 -1 -1 -1 0
0 7694 1600 -1 -1 -1 0 1 4095 305 7614 1 1 0
1 7694 1600 4096 1 -1 0 0 4095 305 -1 -1 -1 0
0 7694 1600 -1 -1 -1 0 1 4095 305 7662 1 1 0
1 7694 1600 4093 1 1 0 0 4095 305 -1 -1 -1 0
0 7694 1600 -1 -1 -1 0 1 4095 305 7686 1 1 0
1 7694 1600 4094 1 1 0 0 4095 305 -1 -1 -1 0
0 7694 1600 -1 -1 -1 0 1 4095 305 7698 1 -1 0
1 7694 1700 4095 1 0 0 0 4095 305 -1 -1 -1 0
0 7694 1700 -1 -1 -1 0 1 8191 305 7692 1 1 0
1 7694 1700 5000 1 1 0 0 8191 305 -1 -1 -1 0
0 7694 1700 -1 -1 -1 0 1 8191 305 7695 1 -1 0
1 7694 1700 7500 1 1 0 0 8191 305 -1 -1 -1 0
0 7694 1700 -1 -1 -1 0 1 8191 305 7693 1 1 0
1 7694 1700 8750 1 -1 0 0 8191 305 -1 -1 -1 0
0 7694 1700 -1 -1 -1 0 1 8191 405 7694 1 0 0
1 8336 1700 8125 1 1 0 0 8191 405 -1 -1 -1 0
0 8336 1700 -1 -1 -1 0 1 8191 405 5000 1 1 0
1 8336 1700 8437 1 -1 0 0 8191 405 -1 -1 -1 0
0 8336 1700 -1 -1 -1 0 1 8191 405 7500 1 1 0
1 8336 1700 8281 1 -1 0 0 8191 405 -1 -1 -1 0
0 8336 1700 -1 -1 -1 0 1 8191 405 8750 1 -1 0
1 8336 1700 8203 1 -1 0 0 8191 405 -1 -1 -1 0
0 8336 1700 -1 -1 -1 0 1 8191 405 8125 1 1 0
1 8336 1700 8164 1 1 0 0 8191 405 -1 -1 -1 0
0 8336 1700 -1 -1 -1 0 1 8191 405 8437 1 -1 0
1 8336 1700 8183 1 1 0 0 8191 405 -1 -1 -1 0
0 8336 1700 -1 -1 -1 0 1 8191 405 8281 1 1 0
1 8336 1700 8193 1 -1 0 0 8191 405 -1 -1 -1 0
0 8336 1700 -1 -1 -1 0 1 8191 405 8359 1 -1 0
1 8336 1700 8188 1 1 0 0 8191 405 -1 -1 -1 0
0 8336 1700 -1 -1 -1 0 1 8191 405 8320 1 1 0
1 8336 1700 8190 1 1 0 0 8191 405 -1 -1 -1 0
0 8336 1700 -1 -1 -1 0 1 8191 405 8339 1 -1 0
1 8336 1800 8191 1 0 0 0 8191 405 -1 -1 -1 0
0 8336 1800 -1 -1 -1 0 1 10000 405 8329 1 1 0
1 8336 1800 5000 1 1 0 0 10000 405 -1 -1 -1 0
0 8336 1800 -1 -1 -1 0 1 10000 405 8334 1 1 0
1 8336 1800 7500 1 1 0 0 10000 405 -1 -1 -1 0
0 8336 1800 -1 -1 -1 0 1 10000 505 8336 1 0 0
1 5387 1800 8750 1 1 0 0 10000 505 -1 -1 -1 0
0 5387 1800 -1 -1 -1 0 1 10000 505 5000 1 1 0
1 5387 1800 9375 1 1 0 0 10000 505 -1 -1 -1 0
0 5387 1800 -1 -1 -1 0 1 10000 505 7500 1 -1 0
1 5387 1800 9688 1 1 0 0 10000 505 -1 -1 -1 0
0 5387 1800 -1 -1 -1 0 1 10000 505 6250 1 -1 0
1 5387 1800 9844 1 1 0 0 10000 505 -1 -1 -1 0
0 5387 1800 -1 -1 -1 0 1 10000 505 5625 1 -1 0
1 5387 1800 9922 1 1 0 0 10000 505 -1 -1 -1 0
0 5387 1800 -1 -1 -1 0 1 10000 505 5312 1 1 0
1 5387 1800 9961 1 1 0 0 10000 505 -1 -1 -1 0
0 5387 1800 -1 -1 -1 0 1 10000 505 5468 1 -1 0
1 5387 1800 9981 1 1 0 0 10000 505 -1 -1 -1 0
0 5387 1800 -1 -1 -1 0 1 10000 505 5390 1 -1 0
1 5387 1800 9991 1 1 0 0 10000 505 -1 -1 -1 0
0 5387 1800 -1 -1 -1 0 1 10000 505 5351 1 1 0
1 5387 1800 9996 1 1 0 0 10000 505 -1 -1 -1 0
0 5387 1800 -1 -1 -1 0 1 10000 505 5370 1 1 0
1 5387 1800 9998 1 1 0 0 10000 505 -1 -1 -1 0
0 5387 1800 -1 -1 -1 0 1 10000 505 5380 1 1 0
1 5387 1800 9999 1 1 0 0 10000 505 -1 -1 -1 0
0 5387 1800 -1 -1 -1 0 1 10000 505 5385 1 1 0
1 5387 1900 10000 1 0 0 0 10000 505 -1 -1 -1 0
0 5387 1900 -1 -1 -1 0 1 1 605 5387 1 0 0
1 493 1900 5000 1 -1 0 0 1 605 -1 -1 -1 0
0 493 1900 -1 -1 -1 0 1 1 605 5000 1 -1 0
1 493 1900 2500 1 -1 0 0 1 605 -1 -1 -1 0
0 493 1900 -1 -1 -1 0 1 1 605 2500 1 -1 0
1 493 1900 1250 1 -1 0 0 1 605 -1 -1 -1 0
0 493 1900 -1 -1 -1 0 1 1 605 1250 1 -1 0
1 493 1900 625 1 -1 0 0 1 605 -1 -1 -1 0
0 493 1900 -1 -1 -1 0 1 1 605 625 1 -1 0
1 493 1900 312 1 -1 0 0 1 605 -1 -1 -1 0
0 493 1900 -1 -1 -1 0 1 1 605 312 1 1 0
1 493 1900 156 1 -1 0 0 1 605 -1 -1 -1 0
0 493 1900 -1 -1 -1 0 1 1 605 468 1 1 0
1 493 1900 78 1 -1 0 0 1 605 -1 -1 -1 0
0 493 1900 -1 -1 -1 0 1 1 605 546 1 -1 0
1 493 1900 39 1 -1 0 0 1 605 -1 -1 -1 0
0 493 1900 -1 -1 -1 0 1 1 605 507 1 -1 0
1 493 1900 19 1 -1 0 0 1 605 -1 -1 -1 0
0 493 1900 -1 -1 -1 0 1 1 605 487 1 1 0
1 493 1900 9 1 -1 0 0 1 605 -1 -1 -1 0
0 493 1900 -1 -1 -1 0 1 1 605 497 1 -1 0
1 493 1900 4 1 -1 0 0 1 605 -1 -1 -1 0
0 493 1900 -1 -1 -1 0 1 1 605 492 1 1 0
1 493 1900 2 1 -1 0 0 1 605 -1 -1 -1 0
0 493 1900 -1 -1 -1 0 1 1 605 494 1 -1 0
1 493 2000 1 1 0 0 0 1 605 -1 -1 -1 0
0 493 2000 -1 -1 -1 0 1 3 705 493 1 0 0
1 6650 2000 5000 1 -1 0 0 3 705 -1 -1 -1 0
0 6650 2000 -1 -1 -1 0 1 3 705 5000 1 1 0
1 6650 2000 2500 1 -1 0 0 3 705 -1 -1 -1 0
0 6650 2000 -1 -1 -1 0 1 3 705 7500 1 -1 0
1 6650 2000 1250 1 -1 0 0 3 705 -1 -1 -1 0
0 6650 2000 -1 -1 -1 0 1 3 705 6250 1 1 0
1 6650 2000 625 1 -1 0 0 3 705 -1 -1 -1 0
0 6650 2000 -1 -1 -1 0 1 3 705 6875 1 -1 0
1 6650 2000 312 1 -1 0 0 3 705 -1 -1 -1 0
0 6650 2000 -1 -1 -1 0 1 3 705 6562 1 1 0
1 6650 2000 156 1 -1 0 0 3 705 -1 -1 -1 0
0 6650 2000 -1 -1 -1 0 1 3 705 6718 1 -1 0
1 6650 2000 78 1 -1 0 0 3 705 -1 -1 -1 0
0 6650 2000 -1 -1 -1 0 1 3 705 6640 1 1 0
1 6650 2000 39 1 -1 0 0 3 705 -1 -1 -1 0
0 6650 2000 -1 -1 -1 0 1 3 705 6679 1 -1 0
1 6650 2000 19 1 -1 0 0 3 705 -1 -1 -1 0
0 6650 2000 -1 -1 -1 0 1 3 705 6659 1 -1 0
1 6650 2000 9 1 -1 0 0 3 705 -1 -1 -1 0
0 6650 2000 -1 -1 -1 0 1 3 705 6649 1 1 0
1 6650 2000 4 1 -1 0 0 3 705 -1 -1 -1 0
0 6650 2000 -1 -1 -1 0 1 3 705 6654 1 -1 0
1 6650 2000 2 1 1 0 0 3 705 -1 -1 -1 0
0 6650 2000 -1 -1 -1 0 1 3 705 6651 1 -1 0
1 6650 2100 3 1 0 0 0 3 705 -1 -1 -1 0
0 6650 2100 -1 -1 -1 0 1 7 805 6650 1 0 0
1 1422 2100 5000 1 -1 0 0 7 805 -1 -1 -1 0
0 1422 2100 -1 -1 -1 0 1 7 805 5000 1 -1 0
1 1422 2100 2500 1 -1 0 0 7 805 -1 -1 -1 0
0 1422 2100 -1 -1 -1 0 1 7 805 2500 1 -1 0
1 1422 2100 1250 1 -1 0 0 7 805 -1 -1 -1 0
0 1422 2100 -1 -1 -1 0 1 7 805 1250 1 1 0
1 1422 2100 625 1 -1 0 0 7 805 -1 -1 -1 0
0 1422 2100 -1 -1 -1 0 1 7 805 1875 1 -1 0
1 1422 2100 312 1 -1 0 0 7 805 -1 -1 -1 0
0 1422 2100 -1 -1 -1 0 1 7 805 1562 1 -1 0
1 1422 2100 156 1 -1 0 0 7 805 -1 -1 -1 0
0 1422 2100 -1 -1 -1 0 1 7 805 1406 1 1 0
1 1422 2100 78 1 -1 0 0 7 805 -1 -1 -1 0
0 1422 2100 -1 -1 -1 0 1 7 805 1484 1 -1 0
1 1422 2100 39 1 -1 0 0 7 805 -1 -1 -1 0
0 1422 2100 -1 -1 -1 0 1 7 805 1445 1 -1 0
1 1422 2100 19 1 -1 0 0 7 805 -1 -1 -1 0
0 1422 2100 -1 -1 -1 0 1 7 805 1425 1 -1 0
1 1422 2100 9 1 -1 0 0 7 805 -1 -1 -1 0
0 1422 2100 -1 -1 -1 0 1 7 805 1415 1 1 0
1 1422 2100 4 1 1 0 0 7 805 -1 -1 -1 0
0 1422 2100 -1 -1 -1 0 1 7 805 1420 1 1 0
1 1422 2100 6 1 1 0 0 7 805 -1 -1 -1 0
0 1422 2100 -1 -1 -1 0 1 7 905 1422 1 0 0
1 2363 2200 7 1 0 0 0 7 905 -1 -1 -1 0
0 2363 2200 -1 -1 -1 0 1 15 905 5000 1 -1 0
1 2363 2200 5000 1 -1 0 0 15 905 -1 -1 -1 0
0 2363 2200 -1 -1 -1 0 1 15 905 2500 1 -1 0
1 2363 2200 2500 1 -1 0 0 15 905 -1 -1 -1 0
0 2363 2200 -1 -1 -1 0 1 15 905 1250 1 1 0
1 2363 2200 1250 1 -1 0 0 15 905 -1 -1 -1 0
0 2363 2200 -1 -1 -1 0 1 15 905 1875 1 1 0
1 2363 2200 625 1 -1 0 0 15 905 -1 -1 -1 0
0 2363 2200 -1 -1 -1 0 1 15 905 2187 1 1 0
1 2363 2200 312 1 -1 0 0 15 905 -1 -1 -1 0
0 2363 2200 -1 -1 -1 0 1 15 905 2343 1 1 0
1 2363 2200 156 1 -1 0 0 15 905 -1 -1 -1 0
0 2363 2200 -1 -1 -1 0 1 15 905 2421 1 -1 0
1 2363 2200 78 1 -1 0 0 15 905 -1 -1 -1 0
0 2363 2200 -1 -1 -1 0 1 15 905 2382 1 -1 0
1 2363 2200 39 1 -1 0 0 15 905 -1 -1 -1 0
0 2363 2200 -1 -1 -1 0 1 15 905 2362 1 1 0
1 2363 2200 19 1 -1 0 0 15 905 -1 -1 -1 0
0 2363 2200 -1 -1 -1 0 1 15 905 2372 1 -1 0
1 2363 2200 9 1 1 0 0 15 905 -1 -1 -1 0
0 2363 2200 -1 -1 -1 0 1 15 905 2367 1 -1 0
1 2363 2200 14 1 1 0 0 15 905 -1 -1 -1 0
0 2363 2200 -1 -1 -1 0 1 15 905 2364 1 -1 0
1 2363 2200 16 1 -1 0 0 15 905 -1 -1 -1 0
0 2363 2200 -1 -1 -1 0 1 15 1005 2363 1 0 0
1 28 2300 15 1 0 0 0 15 1005 -1 -1 -1 0
0 28 2300 -1 -1 -1 0 1 31 1005 5000 1 -1 0
1 28 2300 5000 1 -1 0 0 31 1005 -1 -1 -1 0
0 28 2300 -1 -1 -1 0 1 31 1005 2500 1 -1 0
1 28 2300 2500 1 -1 0 0 31 1005 -1 -1 -1 0
0 28 2300 -1 -1 -1 0 1 31 1005 1250 1 -1 0
1 28 2300 1250 1 -1 0 0 31 1005 -1 -1 -1 0
0 28 2300 -1 -1 -1 0 1 31 1005 625 1 -1 0
1 28 2300 625 1 -1 0 0 31 1005 -1 -1 -1 0
0 28 2300 -1 -1 -1 0 1 31 1005 312 1 -1 0
1 28 2300 312 1 -1 0 0 31 1005 -1 -1 -1 0
0 28 2300 -1 -1 -1 0 1 31 1005 156 1 -1 0
1 28 2300 156 1 -1 0 0 31 1005 -1 -1 -1 0
0 28 2300 -1 -1 -1 0 1 31 1005 78 1 -1 0
1 28 2300 78 1 -1 0 0 31 1005 -1 -1 -1 0
0 28 2300 -1 -1 -1 0 1 31 1005 39 1 -1 0
1 28 2300 39 1 -1 0 0 31 1005 -1 -1 -1 0
0 28 2300 -1 -1 -1 0 1 31 1005 19 1 1 0
1 28 2300 19 1 1 0 0 31 1005 -1 -1 -1 0
0 28 2300 -1 -1 -1 0 1 31 1005 29 1 -1 0
1 28 2300 29 1 1 0 0 31 1005 -1 -1 -1 0
0 28 2300 -1 -1 -1 0 1 31 1005 24 1 1 0
1 28 2300 34 1 -1 0 0 31 1005 -1 -1 -1 0
0 28 2300 -1 -1 -1 0 1 31 1005 26 1 1 0
1 28 2400 31 1 0 0 0 31 1005 -1 -1 -1 0
0 28 2400 -1 -1 -1 0 1 63 1005 27 1 1 0
1 28 2400 5000 1 -1 0 0 63 1005 -1 -1 -1 0
0 28 2400 -1 -1 -1 0 1 63 1105 28 1 0 0
1 8691 2400 2500 1 -1 0 0 63 1105 -1 -1 -1 0
0 8691 2400 -1 -1 -1 0 1 63 1105 5000 1 1 0
1 8691 2400 1250 1 -1 0 0 63 1105 -1 -1 -1 0
0 8691 2400 -1 -1 -1 0 1 63 1105 7500 1 1 0
1 8691 2400 625 1 -1 0 0 63 1105 -1 -1 -1 0
0 8691 2400 -1 -1 -1 0 1 63 1105 8750 1 -1 0
1 8691 2400 312 1 -1 0 0 63 1105 -1 -1 -1 0
0 8691 2400 -1 -1 -1 0 1 63 1105 8125 1 1 0
1 8691 2400 156 1 -1 0 0 63 1105 -1 -1 -1 0
0 8691 2400 -1 -1 -1 0 1 63 1105 8437 1 1 0
1 8691 2400 78 1 -1 0 0 63 1105 -1 -1 -1 0
0 8691 2400 -1 -1 -1 0 1 63 1105 8593 1 1 0
1 8691 2400 39 1 1 0 0 63 1105 -1 -1 -1 0
0 8691 2400 -1 -1 -1 0 1 63 1105 8671 1 1 0
1 8691 2400 58 1 1 0 0 63 1105 -1 -1 -1 0
0 8691 2400 -1 -1 -1 0 1 63 1105 8710 1 -1 0
1 8691 2400 68 1 -1 0 0 63 1105 -1 -1 -1 0
0 8691 2400 -1 -1 -1 0 1 63 1105 8690 1 1 0
1 8691 2500 63 1 0 0 0 63 1105 -1 -1 -1 0
0 8691 2500 -1 -1 -1 0 1 127 1105 8700 1 -1 0
1 8691 2500 5000 1 -1 0 0 127 1105 -1 -1 -1 0
0 8691 2500 -1 -1 -1 0 1 127 1105 8695 1 -1 0
1 8691 2500 2500 1 -1 0 0 127 1105 -1 -1 -1 0
0 8691 2500 -1 -1 -1 0 1 127 1105 8692 1 -1 0
1 8691 2500 1250 1 -1 0 0 127 1105 -1 -1 -1 0
0 8691 2500 -1 -1 -1 0 1 127 1205 8691 1 0 0
1 60 2500 625 1 -1 0 0 127 1205 -1 -1 -1 0
0 60 2500 -1 -1 -1 0 1 127 1205 5000 1 -1 0
1 60 2500 312 1 -1 0 0 127 1205 -1 -1 -1 0
0 60 2500 -1 -1 -1 0 1 127 1205 2500 1 -1 0
1 60 2500 156 1 -1 0 0 127 1205 -1 -1 -1 0
0 60 2500 -1 -1 -1 0 1 127 1205 1250 1 -1 0
1 60 2500 78 1 1 0 0 127 1205 -1 -1 -1 0
0 60 2500 -1 -1 -1 0 1 127 1205 625 1 -1 0
1 60 2500 117 1 1 0 0 127 1205 -1 -1 -1 0
0 60 2500 -1 -1 -1 0 1 127 1205 312 1 -1 0
1 60 2500 136 1 -1 0 0 127 1205 -1 -1 -1 0
0 60 2500 -1 -1 -1 0 1 127 1205 156 1 -1 0
1 60 2500 126 1 1 0 0 127 1205 -1 -1 -1 0
0 60 2500 -1 -1 -1 0 1 127 1205 78 1 -1 0
1 60 2500 131 1 -1 0 0 127 1205 -1 -1 -1 0
0 60 2500 -1 -1 -1 0 1 127 1205 39 1 1 0
1 60 2500 128 1 -1 0 0 127 1205 -1 -1 -1 0
0 60 2500 -1 -1 -1 0 1 127 1205 58 1 1 0
1 60 2600 127 1 0 0 0 127 1205 -1 -1 -1 0
0 60 2600 -1 -1 -1 0 1 255 1205 68 1 -1 0
1 60 2600 5000 1 -1 0 0 255 1205 -1 -1 -1 0
0 60 2600 -1 -1 -1 0 1 255 1205 63 1 -1 0
1 60 2600 2500 1 -1 0 0 255 1205 -1 -1 -1 0
0 60 2600 -1 -1 -1 0 1 255 1305 60 1 0 0
1 7764 2600 1250 1 -1 0 0 255 1305 -1 -1 -1 0
0 7764 2600 -1 -1 -1 0 1 255 1305 5000 1 1 0
1 7764 2600 625 1 -1 0 0 255 1305 -1 -1 -1 0
0 7764 2600 -1 -1 -1 0 1 255 1305 7500 1 1 0
1 7764 2600 312 1 -1 0 0 255 1305 -1 -1 -1 0
0 7764 2600 -1 -1 -1 0 1 255 1305 8750 1 -1 0
1 7764 2600 156 1 1 0 0 255 1305 -1 -1 -1 0
0 7764 2600 -1 -1 -1 0 1 255 1305 8125 1 -1 0
1 7764 2600 234 1 1 0 0 255 1305 -1 -1 -1 0
0 7764 2600 -1 -1 -1 0 1 255 1305 7812 1 -1 0
1 7764 2600 273 1 -1 0 0 255 1305 -1 -1 -1 0
0 7764 2600 -1 -1 -1 0 1 255 1305 7656 1 1 0
1 7764 2600 253 1 1 0 0 255 1305 -1 -1 -1 0
0 7764 2600 -1 -1 -1 0 1 255 1305 7734 1 1 0
1 7764 2600 263 1 -1 0 0 255 1305 -1 -1 -1 0
0 7764 2600 -1 -1 -1 0 1 255 1305 7773 1 -1 0
1 7764 2600 258 1 -1 0 0 255 1305 -1 -1 -1 0
0 7764 2600 -1 -1 -1 0 1 255 1305 7753 1 1 0
1 7764 2700 255 1 0 0 0 255 1305 -1 -1 -1 0
0 7764 2700 -1 -1 -1 0 1 511 1305 7763 1 1 0
1 7764 2700 5000 1 -1 0 0 511 1305 -1 -1 -1 0
0 7764 2700 -1 -1 -1 0 1 511 1305 7768 1 -1 0
1 7764 2700 2500 1 -1 0 0 511 1305 -1 -1 -1 0
0 7764 2700 -1 -1 -1 0 1 511 1305 7765 1 -1 0
1 7764 2700 1250 1 -1 0 0 511 1305 -1 -1 -1 0
0 7764 2700 -1 -1 -1 0 1 511 1405 7764 1 0 0
1 3927 2700 625 1 -1 0 0 511 1405 -1 -1 -1 0
0 3927 2700 -1 -1 -1 0 1 511 1405 5000 1 -1 0
1 3927 2700 312 1 1 0 0 511 1405 -1 -1 -1 0
0 3927 2700 -1 -1 -1 0 1 511 1405 2500 1 1 0
1 3927 2700 468 1 1 0 0 511 1405 -1 -1 -1 0
0 3927 2700 -1 -1 -1 0 1 511 1405 3750 1 1 0
1 3927 2700 546 1 -1 0 0 511 1405 -1 -1 -1 0
0 3927 2700 -1 -1 -1 0 1 511 1405 4375 1 -1 0
1 3927 2700 507 1 1 0 0 511 1405 -1 -1 -1 0
0 3927 2700 -1 -1 -1 0 1 511 1405 4062 1 -1 0
1 3927 2700 526 1 -1 0 0 511 1405 -1 -1 -1 0
0 3927 2700 -1 -1 -1 0 1 511 1405 3906 1 1 0
1 3927 2700 516 1 -1 0 0 511 1405 -1 -1 -1 0
0 3927 2700 -1 -1 -1 0 1 511 1405 3984 1 -1 0
1 3927 2800 511 1 0 0 0 511 1405 -1 -1 -1 0
0 3927 2800 -1 -1 -1 0 1 1023 1405 3945 1 -1 0
1 3927 2800 5000 1 -1 0 0 1023 1405 -1 -1 -1 0
0 3927 2800 -1 -1 -1 0 1 1023 1405 3925 1 1 0
1 3927 2800 2500 1 -1 0 0 1023 1405 -1 -1 -1 0
0 3927 2800 -1 -1 -1 0 1 1023 1405 3935 1 -1 0
1 3927 2800 1250 1 -1 0 0 1023 1405 -1 -1 -1 0
0 3927 2800 -1 -1 -1 0 1 1023 1405 3930 1 -1 0
1 3927 2800 625 1 1 0 0 1023 1405 -1 -1 -1 0
0 3927 2800 -1 -1 -1 0 1 1023 1505 3927 1 0 0
1 541 2800 937 1 1 0 0 1023 1505 -1 -1 -1 0
0 541 2800 -1 -1 -1 0 1 1023 1505 5000 1 -1 0
1 541 2800 1093 1 -1 0 0 1023 1505 -1 -1 -1 0
0 541 2800 -1 -1 -1 0 1 1023 1505 2500 1 -1 0
1 541 2800 1015 1 1 0 0 1023 1505 -1 -1 -1 0
0 541 2800 -1 -1 -1 0 1 1023 1505 1250 1 -1 0
1 541 2800 1054 1 -1 0 0 1023 1505 -1 -1 -1 0
0 541 2800 -1 -1 -1 0 1 1023 1505 625 1 -1 0
1 541 2800 1034 1 -1 0 0 1023 1505 -1 -1 -1 0
0 541 2800 -1 -1 -1 0 1 1023 1505 312 1 1 0
1 541 2800 1024 1 -1 0 0 1023 1505 -1 -1 -1 0
0 541 2800 -1 -1 -1 0 1 1023 1505 468 1 1 0
1 541 2800 1019 1 1 0 0 1023 1505 -1 -1 -1 0
0 541 2800 -1 -1 -1 0 1 1023 1505 546 1 -1 0
1 541 2800 1021 1 1 0 0 1023 1505 -1 -1 -1 0
0 541 2800 -1 -1 -1 0 1 1023 1505 507 1 1 0
1 541 2800 1022 1 1 0 0 1023 1505 -1 -1 -1 0
0 541 2800 -1 -1 -1 0 1 1023 1505 526 1 1 0
1 541 2900 1023 1 0 0 0 1023 1505 -1 -1 -1 0
0 541 2900 -1 -1 -1 0 1 2047 1505 536 1 1 0
1 541 2900 5000 1 -1 0 0 2047 1505 -1 -1 -1 0
0 541 2900 -1 -1 -1 0 1 2047 1605 541 1 0 0
1 3427 2900 2500 1 -1 0 0 2047 1605 -1 -1 -1 0
0 3427 2900 -1 -1 -1 0 1 2047 1605 5000 1 -1 0
1 3427 2900 1250 1 1 0 0 2047 1605 -1 -1 -1 0
0 3427 2900 -1 -1 -1 0 1 2047 1605 2500 1 1 0
1 3427 2900 1875 1 1 0 0 2047 1605 -1 -1 -1 0
0 3427 2900 -1 -1 -1 0 1 2047 1605 3750 1 -1 0
1 3427 2900 2187 1 -1 0 0 2047 1605 -1 -1 -1 0
0 3427 2900 -1 -1 -1 0 1 2047 1605 3125 1 1 0
1 3427 2900 2031 1 1 0 0 2047 1605 -1 -1 -1 0
0 3427 2900 -1 -1 -1 0 1 2047 1605 3437 1 -1 0
1 3427 2900 2109 1 -1 0 0 2047 1605 -1 -1 -1 0
0 3427 2900 -1 -1 -1 0 1 2047 1605 3281 1 1 0
1 3427 2900 2070 1 -1 0 0 2047 1605 -1 -1 -1 0
0 3427 2900 -1 -1 -1 0 1 2047 1605 3359 1 1 0
1 3427 2900 2050 1 -1 0 0 2047 1605 -1 -1 -1 0
0 3427 2900 -1 -1 -1 0 1 2047 1605 3398 1 1 0
1 3427 2900 2040 1 1 0 0 2047 1605 -1 -1 -1 0
0 3427 2900 -1 -1 -1 0 1 2047 1605 3417 1 1 0
1 3427 2900 2045 1 1 0 0 2047 1605 -1 -1 -1 0
0 3427 2900 -1 -1 -1 0 1 2047 1705 3427 1 0 0
1 9173 3000 2047 1 0 0 0 2047 1705 -1 -1 -1 0
0 9173 3000 -1 -1 -1 0 1 4095 1705 5000 1 1 0
1 9173 3000 5000 1 -1 0 0 4095 1705 -1 -1 -1 0
0 9173 3000 -1 -1 -1 0 1 4095 1705 7500 1 1 0
1 9173 3000 2500 1 1 0 0 4095 1705 -1 -1 -1 0
0 9173 3000 -1 -1 -1 0 1 4095 1705 8750 1 1 0
1 9173 3000 3750 1 1 0 0 4095 1705 -1 -1 -1 0
0 9173 3000 -1 -1 -1 0 1 4095 1705 9375 1 -1 0
1 9173 3000 4375 1 -1 0 0 4095 1705 -1 -1 -1 0
0 9173 3000 -1 -1 -1 0 1 4095 1705 9062 1 1 0
1 9173 3000 4062 1 1 0 0 4095 1705 -1 -1 -1 0
0 9173 3000 -1 -1 -1 0 1 4095 1705 9218 1 -1 0
1 9173 3000 4218 1 -1 0 0 4095 1705 -1 -1 -1 0
0 9173 3000 -1 -1 -1 0 1 4095 1705 9140 1 1 0
1 9173 3000 4140 1 -1 0 0 4095 1705 -1 -1 -1 0
0 9173 3000 -1 -1 -1 0 1 4095 1705 9179 1 -1 0
1 9173 3000 4101 1 -1 0 0 4095 1705 -1 -1 -1 0
0 9173 3000 -1 -1 -1 0 1 4095 1705 9159 1 1 0
1 9173 3000 4081 1 1 0 0 4095 1705 -1 -1 -1 0
0 9173 3000 -1 -1 -1 0 1 4095 1705 9169 1 1 0
1 9173 3000 4091 1 1 0 0 4095 1705 -1 -1 -1 0
0 9173 3000 -1 -1 -1 0 1 4095 1705 9174 1 -1 0
1 9173 3000 4096 1 -1 0 0 4095 1705 -1 -1 -1 0
0 9173 3000 -1 -1 -1 0 1 4095 1705 9171 1 1 0
1 9173 3000 4093 1 1 0 0 4095 1705 -1 -1 -1 0
0 9173 3000 -1 -1 -1 0 1 4095 1705 9172 1 1 0
1 9173 3000 4094 1 1 0 0 4095 1705 -1 -1 -1 0
0 9173 3000 -1 -1 -1 0 1 4095 1805 9173 1 0 0
1 5737 3100 4095 1 0 0 0 4095 1805 -1 -1 -1 0
0 5737 3100 -1 -1 -1 0 1 8191 1805 5000 1 1 0
1 5737 3100 5000 1 1 0 0 8191 1805 -1 -1 -1 0
0 5737 3100 -1 -1 -1 0 1 8191 1805 7500 1 -1 0
1 5737 3100 7500 1 1 0 0 8191 1805 -1 -1 -1 0
0 5737 3100 -1 -1 -1 0 1 8191 1805 6250 1 -1 0
1 5737 3100 8750 1 -1 0 0 8191 1805 -1 -1 -1 0
0 5737 3100 -1 -1 -1 0 1 8191 1805 5625 1 1 0
1 5737 3100 8125 1 1 0 0 8191 1805 -1 -1 -1 0
0 5737 3100 -1 -1 -1 0 1 8191 1805 5937 1 -1 0
1 5737 3100 8437 1 -1 0 0 8191 1805 -1 -1 -1 0
0 5737 3100 -1 -1 -1 0 1 8191 1805 5781 1 -1 0
1 5737 3100 8281 1 -1 0 0 8191 1805 -1 -1 -1 0
0 5737 3100 -1 -1 -1 0 1 8191 1805 5703 1 1 0
1 5737 3100 8203 1 -1 0 0 8191 1805 -1 -1 -1 0
0 5737 3100 -1 -1 -1 0 1 8191 1805 5742 1 -1 0
1 5737 3100 8164 1 1 0 0 8191 1805 -1 -1 -1 0
0 5737 3100 -1 -1 -1 0 1 8191 1805 5722 1 1 0
1 5737 3100 8183 1 1 0 0 8191 1805 -1 -1 -1 0
0 5737 3100 -1 -1 -1 0 1 8191 1805 5732 1 1 0
1 5737 3100 8193 1 -1 0 0 8191 1805 -1 -1 -1 0
0 5737 3100 -1 -1 -1 0 1 8191 1905 5737 1 0 0
1 5212 3100 8188 1 1 0 0 8191 1905 -1 -1 -1 0
0 5212 3100 -1 -1 -1 0 1 8191 1905 5000 1 1 0
1 5212 3100 8190 1 1 0 0 8191 1905 -1 -1 -1 0
0 5212 3100 -1 -1 -1 0 1 8191 1905 7500 1 -1 0
1 5212 3200 8191 1 0 0 0 8191 1905 -1 -1 -1 0
0 5212 3200 -1 -1 -1 0 1 10000 1905 6250 1 -1 0
1 5212 3200 5000 1 1 0 0 10000 1905 -1 -1 -1 0
0 5212 3200 -1 -1 -1 0 1 10000 1905 5625 1 -1 0
1 5212 3200 7500 1 1 0 0 10000 1905 -1 -1 -1 0
0 5212 3200 -1 -1 -1 0 1 10000 1905 5312 1 -1 0
1 5212 3200 8750 1 1 0 0 10000 1905 -1 -1 -1 0
0 5212 3200 -1 -1 -1 0 1 10000 1905 5156 1 1 0
1 5212 3200 9375 1 1 0 0 10000 1905 -1 -1 -1 0
0 5212 3200 -1 -1 -1 0 1 10000 1905 5234 1 -1 0
1 5212 3200 9688 1 1 0 0 10000 1905 -1 -1 -1 0
0 5212 3200 -1 -1 -1 0 1 10000 1905 5195 1 1 0
1 5212 3200 9844 1 1 0 0 10000 1905 -1 -1 -1 0
0 5212 3200 -1 -1 -1 0 1 10000 1905 5214 1 -1 0
1 5212 3200 9922 1 1 0 0 10000 1905 -1 -1 -1 0
0 5212 3200 -1 -1 -1 0 1 10000 1905 5204 1 1 0
1 5212 3200 9961 1 1 0 0 10000 1905 -1 -1 -1 0
0 5212 3200 -1 -1 -1 0 1 10000 1905 5209 1 1 0
1 5212 3200 9981 1 1 0 0 10000 1905 -1 -1 -1 0
0 5212 3200 -1 -1 -1 0 1 10000 1905 5211 1 1 0
1 5212 3200 9991 1 1 0 0 10000 1905 -1 -1 -1 0
0 5212 3200 -1 -1 -1 0 1 10000 2005 5212 1 0 0
1 5369 3200 9996 1 1 0 0 10000 2005 -1 -1 -1 0
0 5369 3200 -1 -1 -1 0 1 10000 2005 5000 1 1 0
1 5369 3200 9998 1 1 0 0 10000 2005 -1 -1 -1 0
0 5369 3200 -1 -1 -1 0 1 10000 2005 7500 1 -1 0
1 5369 3200 9999 1 1 0 0 10000 2005 -1 -1 -1 0
0 5369 3200 -1 -1 -1 0 1 10000 2005 6250 1 -1 0
1 5369 3300 10000 1 0 0 0 10000 2005 -1 -1 -1 0
0 5369 3300 -1 -1 -1 0 1 1 2005 5625 1 -1 0
1 5369 3300 5000 1 -1 0 0 1 2005 -1 -1 -1 0
0 5369 3300 -1 -1 -1 0 1 1 2005 5312 1 1 0
1 5369 3300 2500 1 -1 0 0 1 2005 -1 -1 -1 0
0 5369 3300 -1 -1 -1 0 1 1 2005 5468 1 -1 0
1 5369 3300 1250 1 -1 0 0 1 2005 -1 -1 -1 0
0 5369 3300 -1 -1 -1 0 1 1 2005 5390 1 -1 0
1 5369 3300 625 1 -1 0 0 1 2005 -1 -1 -1 0
0 5369 3300 -1 -1 -1 0 1 1 2005 5351 1 1 0
1 5369 3300 312 1 -1 0 0 1 2005 -1 -1 -1 0
0 5369 3300 -1 -1 -1 0 1 1 2005 5370 1 -1 0
1 5369 3300 156 1 -1 0 0 1 2005 -1 -1 -1 0
0 5369 3300 -1 -1 -1 0 1 1 2005 5360 1 1 0
1 5369 3300 78 1 -1 0 0 1 2005 -1 -1 -1 0
0 5369 3300 -1 -1 -1 0 1 1 2005 5365 1 1 0
1 5369 3300 39 1 -1 0 0 1 2005 -1 -1 -1 0
0 5369 3300 -1 -1 -1 0 1 1 2005 5367 1 1 0
1 5369 3300 19 1 -1 0 0 1 2005 -1 -1 -1 0
0 5369 3300 -1 -1 -1 0 1 1 2005 5368 1 1 0
1 5369 3300 9 1 -1 0 0 1 2005 -1 -1 -1 0
0 5369 3300 -1 -1 -1 0 1 1 2105 5369 1 0 0
1 2568 3300 4 1 -1 0 0 1 2105 -1 -1 -1 0
0 2568 3300 -1 -1 -1 0 1 1 2105 5000 1 -1 0
1 2568 3300 2 1 -1 0 0 1 2105 -1 -1 -1 0
0 2568 3300 -1 -1 -1 0 1 1 2105 2500 1 1 0
1 2568 3400 1 1 0 0 0 1 2105 -1 -1 -1 0
0 2568 3400 -1 -1 -1 0 1 3 2105 3750 1 -1 0
1 2568 3400 5000 1 -1 0 0 3 2105 -1 -1 -1 0
0 2568 3400 -1 -1 -1 0 1 3 2105 3125 1 -1 0
1 2568 3400 2500 1 -1 0 0 3 2105 -1 -1 -1 0
0 2568 3400 -1 -1 -1 0 1 3 2105 2812 1 -1 0
1 2568 3400 1250 1 -1 0 0 3 2105 -1 -1 -1 0
0 2568 3400 -1 -1 -1 0 1 3 2105 2656 1 -1 0
1 2568 3400 625 1 -1 0 0 3 2105 -1 -1 -1 0
0 2568 3400 -1 -1 -1 0 1 3 2105 2578 1 -1 0
1 2568 3400 312 1 -1 0 0 3 2105 -1 -1 -1 0
0 2568 3400 -1 -1 -1 0 1 3 2105 2539 1 1 0
1 2568 3400 156 1 -1 0 0 3 2105 -1 -1 -1 0
0 2568 3400 -1 -1 -1 0 1 3 2105 2558 1 1 0
1 2568 3400 78 1 -1 0 0 3 2105 -1 -1 -1 0
0 2568 3400 -1 -1 -1 0 1 3 2205 2568 1 0 0
1 6430 3400 39 1 -1 0 0 3 2205 -1 -1 -1 0
0 6430 3400 -1 -1 -1 0 1 3 2205 5000 1 1 0
1 6430 3400 19 1 -1 0 0 3 2205 -1 -1 -1 0
0 6430 3400 -1 -1 -1 0 1 3 2205 7500 1 -1 0
1 6430 3400 9 1 -1 0 0 3 2205 -1 -1 -1 0
0 6430 3400 -1 -1 -1 0 1 3 2205 6250 1 1 0
1 6430 3400 4 1 -1 0 0 3 2205 -1 -1 -1 0
0 6430 3400 -1 -1 -1 0 1 3 2205 6875 1 -1 0
1 6430 3400 2 1 1 0 0 3 2205 -1 -1 -1 0
0 6430 3400 -1 -1 -1 0 1 3 2205 6562 1 -1 0
1 6430 3500 3 1 0 0 0 3 2205 -1 -1 -1 0
0 6430 3500 -1 -1 -1 0 1 7 2205 6406 1 1 0
1 6430 3500 5000 1 -1 0 0 7 2205 -1 -1 -1 0
0 6430 3500 -1 -1 -1 0 1 7 2205 6484 1 -1 0
1 6430 3500 2500 1 -1 0 0 7 2205 -1 -1 -1 0
0 6430 3500 -1 -1 -1 0 1 7 2205 6445 1 -1 0
1 6430 3500 1250 1 -1 0 0 7 2205 -1 -1 -1 0
0 6430 3500 -1 -1 -1 0 1 7 2205 6425 1 1 0
1 6430 3500 625 1 -1 0 0 7 2205 -1 -1 -1 0
0 6430 3500 -1 -1 -1 0 1 7 2205 6435 1 -1 0
1 6430 3500 312 1 -1 0 0 7 2205 -1 -1 -1 0
0 6430 3500 -1 -1 -1 0 1 7 2305 6430 1 0 0
1 5783 3500 156 1 -1 0 0 7 2305 -1 -1 -1 0
0 5783 3500 -1 -1 -1 0 1 7 2305 5000 1 1 0
1 5783 3500 78 1 -1 0 0 7 2305 -1 -1 -1 0
0 5783 3500 -1 -1 -1 0 1 7 2305 7500 1 -1 0
1 5783 3500 39 1 -1 0 0 7 2305 -1 -1 -1 0
0 5783 3500 -1 -1 -1 0 1 7 2305 6250 1 -1 0
1 5783 3500 19 1 -1 0 0 7 2305 -1 -1 -1 0
0 5783 3500 -1 -1 -1 0 1 7 2305 5625 1 1 0
1 5783 3500 9 1 -1 0 0 7 2305 -1 -1 -1 0
0 5783 3500 -1 -1 -1 0 1 7 2305 5937 1 -1 0
1 5783 3500 4 1 1 0 0 7 2305 -1 -1 -1 0
0 5783 3500 -1 -1 -1 0 1 7 2305 5781 1 1 0
1 5783 3500 6 1 1 0 0 7 2305 -1 -1 -1 0
0 5783 3500 -1 -1 -1 0 1 7 2305 5859 1 -1 0
1 5783 3600 7 1 0 0 0 7 2305 -1 -1 -1 0
0 5783 3600 -1 -1 -1 0 1 15 2305 5820 1 -1 0
1 5783 3600 5000 1 -1 0 0 15 2305 -1 -1 -1 0
0 5783 3600 -1 -1 -1 0 1 15 2305 5800 1 -1 0
1 5783 3600 2500 1 -1 0 0 15 2305 -1 -1 -1 0
0 5783 3600 -1 -1 -1 0 1 15 2305 5790 1 -1 0
1 5783 3600 1250 1 -1 0 0 15 2305 -1 -1 -1 0
0 5783 3600 -1 -1 -1 0 1 15 2305 5785 1 -1 0
1 5783 3600 625 1 -1 0 0 15 2305 -1 -1 -1 0
0 5783 3600 -1 -1 -1 0 1 15 2405 5783 1 0 0
1 1531 3600 312 1 -1 0 0 15 2405 -1 -1 -1 0
0 1531 3600 -1 -1 -1 0 1 15 2405 5000 1 -1 0
1 1531 3600 156 1 -1 0 0 15 2405 -1 -1 -1 0
0 1531 3600 -1 -1 -1 0 1 15 2405 2500 1 -1 0
1 1531 3600 78 1 -1 0 0 15 2405 -1 -1 -1 0
0 1531 3600 -1 -1 -1 0 1 15 2405 1250 1 1 0
1 1531 3600 39 1 -1 0 0 15 2405 -1 -1 -1 0
0 1531 3600 -1 -1 -1 0 1 15 2405 1875 1 -1 0
1 1531 3600 19 1 -1 0 0 15 2405 -1 -1 -1 0
0 1531 3600 -1 -1 -1 0 1 15 2405 1562 1 -1 0
1 1531 3600 9 1 1 0 0 15 2405 -1 -1 -1 0
0 1531 3600 -1 -1 -1 0 1 15 2405 1406 1 1 0
1 1531 3600 14 1 1 0 0 15 2405 -1 -1 -1 0
0 1531 3600 -1 -1 -1 0 1 15 2405 1484 1 1 0
1 1531 3600 16 1 -1 0 0 15 2405 -1 -1 -1 0
0 1531 3600 -1 -1 -1 0 1 15 2405 1523 1 1 0
1 1531 3700 15 1 0 0 0 15 2405 -1 -1 -1 0
0 1531 3700 -1 -1 -1 0 1 31 2405 1542 1 -1 0
1 1531 3700 5000 1 -1 0 0 31 2405 -1 -1 -1 0
0 1531 3700 -1 -1 -1 0 1 31 2405 1532 1 -1 0
1 1531 3700 2500 1 -1 0 0 31 2405 -1 -1 -1 0
0 1531 3700 -1 -1 -1 0 1 31 2405 1527 1 1 0
1 1531 3700 1250 1 -1 0 0 31 2405 -1 -1 -1 0
0 1531 3700 -1 -1 -1 0 1 31 2405 1529 1 1 0
1 1531 3700 625 1 -1 0 0 31 2405 -1 -1 -1 0
0 1531 3700 -1 -1 -1 0 1 31 2405 1530 1 1 0
1 1531 3700 312 1 -1 0 0 31 2405 -1 -1 -1 0
0 1531 3700 -1 -1 -1 0 1 31 2505 1531 1 0 0
1 2863 3700 156 1 -1 0 0 31 2505 -1 -1 -1 0
0 2863 3700 -1 -1 -1 0 1 31 2505 5000 1 -1 0
1 2863 3700 78 1 -1 0 0 31 2505 -1 -1 -1 0
0 2863 3700 -1 -1 -1 0 1 31 2505 2500 1 1 0
1 2863 3700 39 1 -1 0 0 31 2505 -1 -1 -1 0
0 2863 3700 -1 -1 -1 0 1 31 2505 3750 1 -1 0
1 2863 3700 19 1 1 0 0 31 2505 -1 -1 -1 0
0 2863 3700 -1 -1 -1 0 1 31 2505 3125 1 -1 0
1 2863 3700 29 1 1 0 0 31 2505 -1 -1 -1 0
0 2863 3700 -1 -1 -1 0 1 31 2505 2812 1 1 0
1 2863 3700 34 1 -1 0 0 31 2505 -1 -1 -1 0
0 2863 3700 -1 -1 -1 0 1 31 2505 2968 1 -1 0
1 2863 3800 31 1 0 0 0 31 2505 -1 -1 -1 0
0 2863 3800 -1 -1 -1 0 1 63 2505 2890 1 -1 0
1 2863 3800 5000 1 -1 0 0 63 2505 -1 -1 -1 0
0 2863 3800 -1 -1 -1 0 1 63 2505 2851 1 1 0
1 2863 3800 2500 1 -1 0 0 63 2505 -1 -1 -1 0
0 2863 3800 -1 -1 -1 0 1 63 2505 2870 1 -1 0
1 2863 3800 1250 1 -1 0 0 63 2505 -1 -1 -1 0
0 2863 3800 -1 -1 -1 0 1 63 2505 2860 1 1 0
1 2863 3800 625 1 -1 0 0 63 2505 -1 -1 -1 0
0 2863 3800 -1 -1 -1 0 1 63 2505 2865 1 -1 0
1 2863 3800 312 1 -1 0 0 63 2505 -1 -1 -1 0
0 2863 3800 -1 -1 -1 0 1 63 2505 2862 1 1 0
1 2863 3800 156 1 -1 0 0 63 2505 -1 -1 -1 0
0 2863 3800 -1 -1 -1 0 1 63 2605 2863 1 0 0
1 5124 3800 78 1 -1 0 0 63 2605 -1 -1 -1 0
0 5124 3800 -1 -1 -1 0 1 63 2605 5000 1 1 0
1 5124 3800 39 1 1 0 0 63 2605 -1 -1 -1 0
0 5124 3800 -1 -1 -1 0 1 63 2605 7500 1 -1 0
1 5124 3800 58 1 1 0 0 63 2605 -1 -1 -1 0
0 5124 3800 -1 -1 -1 0 1 63 2605 6250 1 -1 0
1 5124 3800 68 1 -1 0 0 63 2605 -1 -1 -1 0
0 5124 3800 -1 -1 -1 0 1 63 2605 5625 1 -1 0
1 5124 3900 63 1 0 0 0 63 2605 -1 -1 -1 0
0 5124 3900 -1 -1 -1 0 1 127 2605 5312 1 -1 0
1 5124 3900 5000 1 -1 0 0 127 2605 -1 -1 -1 0
0 5124 3900 -1 -1 -1 0 1 127 2605 5156 1 -1 0
1 5124 3900 2500 1 -1 0 0 127 2605 -1 -1 -1 0
0 5124 3900 -1 -1 -1 0 1 127 2605 5078 1 1 0
1 5124 3900 1250 1 -1 0 0 127 2605 -1 -1 -1 0
0 5124 3900 -1 -1 -1 0 1 127 2605 5117 1 1 0
1 5124 3900 625 1 -1 0 0 127 2605 -1 -1 -1 0
0 5124 3900 -1 -1 -1 0 1 127 2605 5136 1 -1 0
1 5124 3900 312 1 -1 0 0 127 2605 -1 -1 -1 0
0 5124 3900 -1 -1 -1 0 1 127 2605 5126 1 -1 0
1 5124 3900 156 1 -1 0 0 127 2605 -1 -1 -1 0
0 5124 3900 -1 -1 -1 0 1 127 2605 5121 1 1 0
1 5124 3900 78 1 1 0 0 127 2605 -1 -1 -1 0
0 5124 3900 -1 -1 -1 0 1 127 2605 5123 1 1 0
1 5124 3900 117 1 1 0 0 127 2605 -1 -1 -1 0
0 5124 3900 -1 -1 -1 0 1 127 2705 5124 1 0 0
1 4068 3900 136 1 -1 0 0 127 2705 -1 -1 -1 0
0 4068 3900 -1 -1 -1 0 1 127 2705 5000 1 -1 0
1 4068 3900 126 1 1 0 0 127 2705 -1 -1 -1 0
0 4068 3900 -1 -1 -1 0 1 127 2705 2500 1 1 0
1 4068 3900 131 1 -1 0 0 127 2705 -1 -1 -1 0
0 4068 3900 -1 -1 -1 0 1 127 2705 3750 1 1 0
1 4068 3900 128 1 -1 0 0 127 2705 -1 -1 -1 0
0 4068 3900 -1 -1 -1 0 1 127 2705 4375 1 -1 0
1 4068 4000 127 1 0 0 0 127 2705 -1 -1 -1 0
0 4068 4000 -1 -1 -1 0 1 255 2705 4062 1 1 0
1 4068 4000 5000 1 -1 0 0 255 2705 -1 -1 -1 0
0 4068 4000 -1 -1 -1 0 1 255 2705 4218 1 -1 0
1 4068 4000 2500 1 -1 0 0 255 2705 -1 -1 -1 0
0 4068 4000 -1 -1 -1 0 1 255 2705 4140 1 -1 0
1 4068 4000 1250 1 -1 0 0 255 2705 -1 -1 -1 0
0 4068 4000 -1 -1 -1 0 1 255 2705 4101 1 -1 0
1 4068 4000 625 1 -1 0 0 255 2705 -1 -1 -1 0
0 4068 4000 -1 -1 -1 0 1 255 2705 4081 1 -1 0
1 4068 4000 312 1 -1 0 0 255 2705 -1 -1 -1 0
0 4068 4000 -1 -1 -1 0 1 255 2705 4071 1 -1 0
1 4068 4000 156 1 1 0 0 255 2705 -1 -1 -1 0
0 4068 4000 -1 -1 -1 0 1 255 2705 4066 1 1 0
1 4068 4000 234 1 1 0 0 255 2705 -1 -1 -1 0
0 4068 4000 -1 -1 -1 0 1 255 2805 4068 1 0 0
1 3136 4000 273 1 -1 0 0 255 2805 -1 -1 -1 0
0 3136 4000 -1 -1 -1 0 1 255 2805 5000 1 -1 0
1 3136 4000 253 1 1 0 0 255 2805 -1 -1 -1 0
0 3136 4000 -1 -1 -1 0 1 255 2805 2500 1 1 0
1 3136 4000 263 1 -1 0 0 255 2805 -1 -1 -1 0
0 3136 4000 -1 -1 -1 0 1 255 2805 3750 1 -1 0
1 3136 4000 258 1 -1 0 0 255 2805 -1 -1 -1 0
0 3136 4000 -1 -1 -1 0 1 255 2805 3125 1 1 0
1 3136 4100 255 1 0 0 0 255 2805 -1 -1 -1 0
0 3136 4100 -1 -1 -1 0 1 511 2805 3437 1 -1 0
1 3136 4100 5000 1 -1 0 0 511 2805 -1 -1 -1 0
0 3136 4100 -1 -1 -1 0 1 511 2805 3281 1 -1 0
1 3136 4100 2500 1 -1 0 0 511 2805 -1 -1 -1 0
0 3136 4100 -1 -1 -1 0 1 511 2805 3203 1 -1 0
1 3136 4100 1250 1 -1 0 0 511 2805 -1 -1 -1 0
0 3136 4100 -1 -1 -1 0 1 511 2805 3164 1 -1 0
1 3136 4100 625 1 -1 0 0 511 2805 -1 -1 -1 0
0 3136 4100 -1 -1 -1 0 1 511 2805 3144 1 -1 0
1 3136 4100 312 1 1 0 0 511 2805 -1 -1 -1 0
0 3136 4100 -1 -1 -1 0 1 511 2805 3134 1 1 0
1 3136 4100 468 1 1 0 0 511 2805 -1 -1 -1 0
0 3136 4100 -1 -1 -1 0 1 511 2805 3139 1 -1 0
1 3136 4100 546 1 -1 0 0 511 2805 -1 -1 -1 0
0 3136 4100 -1 -1 -1 0 1 511 2905 3136 1 0 0
1 3930 4100 507 1 1 0 0 511 2905 -1 -1 -1 0
0 3930 4100 -1 -1 -1 0 1 511 2905 5000 1 -1 0
1 3930 4100 526 1 -1 0 0 511 2905 -1 -1 -1 0
0 3930 4100 -1 -1 -1 0 1 511 2905 2500 1 1 0
1 3930 4100 516 1 -1 0 0 511 2905 -1 -1 -1 0
0 3930 4100 -1 -1 -1 0 1 511 2905 3750 1 1 0
1 3930 4200 511 1 0 0 0 511 2905 -1 -1 -1 0
0 3930 4200 -1 -1 -1 0 1 1023 2905 4375 1 -1 0
1 3930 4200 5000 1 -1 0 0 1023 2905 -1 -1 -1 0
0 3930 4200 -1 -1 -1 0 1 1023 2905 4062 1 -1 0
1 3930 4200 2500 1 -1 0 0 1023 2905 -1 -1 -1 0
0 3930 4200 -1 -1 -1 0 1 1023 2905 3906 1 1 0
1 3930 4200 1250 1 -1 0 0 1023 2905 -1 -1 -1 0
0 3930 4200 -1 -1 -1 0 1 1023 2905 3984 1 -1 0
1 3930 4200 625 1 1 0 0 1023 2905 -1 -1 -1 0
0 3930 4200 -1 -1 -1 0 1 1023 2905 3945 1 -1 0
1 3930 4200 937 1 1 0 0 1023 2905 -1 -1 -1 0
0 3930 4200 -1 -1 -1 0 1 1023 2905 3925 1 1 0
1 3930 4200 1093 1 -1 0 0 1023 2905 -1 -1 -1 0
0 3930 4200 -1 -1 -1 0 1 1023 2905 3935 1 -1 0
1 3930 4200 1015 1 1 0 0 1023 2905 -1 -1 -1 0
0 3930 4200 -1 -1 -1 0 1 1023 3005 3930 1 0 0
1 9803 4200 1054 1 -1 0 0 1023 3005 -1 -1 -1 0
0 9803 4200 -1 -1 -1 0 1 1023 3005 5000 1 1 0
1 9803 4200 1034 1 -1 0 0 1023 3005 -1 -1 -1 0
0 9803 4200 -1 -1 -1 0 1 1023 3005 7500 1 1 0
1 9803 4200 1024 1 -1 0 0 1023 3005 -1 -1 -1 0
0 9803 4200 -1 -1 -1 0 1 1023 3005 8750 1 1 0
1 9803 4200 1019 1 1 0 0 1023 3005 -1 -1 -1 0
0 9803 4200 -1 -1 -1 0 1 1023 3005 9375 1 1 0
1 9803 4200 1021 1 1 0 0 1023 3005 -1 -1 -1 0
0 9803 4200 -1 -1 -1 0 1 1023 3005 9688 1 1 0
1 9803 4200 1022 1 1 0 0 1023 3005 -1 -1 -1 0
0 9803 4200 -1 -1 -1 0 1 1023 3005 9844 1 -1 0
1 9803 4300 1023 1 0 0 0 1023 3005 -1 -1 -1 0
0 9803 4300 -1 -1 -1 0 1 2047 3005 9766 1 1 0
1 9803 4300 5000 1 -1 0 0 2047 3005 -1 -1 -1 0
0 9803 4300 -1 -1 -1 0 1 2047 3005 9805 1 -1 0
1 9803 4300 2500 1 -1 0 0 2047 3005 -1 -1 -1 0
0 9803 4300 -1 -1 -1 0 1 2047 3005 9785 1 1 0
1 9803 4300 1250 1 1 0 0 2047 3005 -1 -1 -1 0
0 9803 4300 -1 -1 -1 0 1 2047 3005 9795 1 1 0
1 9803 4300 1875 1 1 0 0 2047 3005 -1 -1 -1 0
0 9803 4300 -1 -1 -1 0 1 2047 3005 9800 1 1 0
1 9803 4300 2187 1 -1 0 0 2047 3005 -1 -1 -1 0
0 9803 4300 -1 -1 -1 0 1 2047 3005 9802 1 1 0
1 9803 4300 2031 1 1 0 0 2047 3005 -1 -1 -1 0
0 9803 4300 -1 -1 -1 0 1 2047 3105 9803 1 0 0
1 4023 4300 2109 1 -1 0 0 2047 3105 -1 -1 -1 0
0 4023 4300 -1 -1 -1 0 1 2047 3105 5000 1 -1 0
1 4023 4300 2070 1 -1 0 0 2047 3105 -1 -1 -1 0
0 4023 4300 -1 -1 -1 0 1 2047 3105 2500 1 1 0
1 4023 4300 2050 1 -1 0 0 2047 3105 -1 -1 -1 0
0 4023 4300 -1 -1 -1 0 1 2047 3105 3750 1 1 0
1 4023 4300 2040 1 1 0 0 2047 3105 -1 -1 -1 0
0 4023 4300 -1 -1 -1 0 1 2047 3105 4375 1 -1 0
1 4023 4300 2045 1 1 0 0 2047 3105 -1 -1 -1 0
0 4023 4300 -1 -1 -1 0 1 2047 3105 4062 1 -1 0
1 4023 4400 2047 1 0 0 0 2047 3105 -1 -1 -1 0
0 4023 4400 -1 -1 -1 0 1 4095 3105 3906 1 1 0
1 4023 4400 5000 1 -1 0 0 4095 3105 -1 -1 -1 0
0 4023 4400 -1 -1 -1 0 1 4095 3105 3984 1 1 0
1 4023 4400 2500 1 1 0 0 4095 3105 -1 -1 -1 0
0 4023 4400 -1 -1 -1 0 1 4095 3205 4023 1 0 0
1 3059 4400 3750 1 1 0 0 4095 3205 -1 -1 -1 0
0 3059 4400 -1 -1 -1 0 1 4095 3205 5000 1 -1 0
1 3059 4400 4375 1 -1 0 0 4095 3205 -1 -1 -1 0
0 3059 4400 -1 -1 -1 0 1 4095 3205 2500 1 1 0
1 3059 4400 4062 1 1 0 0 4095 3205 -1 -1 -1 0
0 3059 4400 -1 -1 -1 0 1 4095 3205 3750 1 -1 0
1 3059 4400 4218 1 -1 0 0 4095 3205 -1 -1 -1 0
0 3059 4400 -1 -1 -1 0 1 4095 3205 3125 1 -1 0
1 3059 4400 4140 1 -1 0 0 4095 3205 -1 -1 -1 0
0 3059 4400 -1 -1 -1 0 1 4095 3205 2812 1 1 0
1 3059 4400 4101 1 -1 0 0 4095 3205 -1 -1 -1 0
0 3059 4400 -1 -1 -1 0 1 4095 3205 2968 1 1 0
1 3059 4400 4081 1 1 0 0 4095 3205 -1 -1 -1 0
0 3059 4400 -1 -1 -1 0 1 4095 3205 3046 1 1 0
1 3059 4400 4091 1 1 0 0 4095 3205 -1 -1 -1 0
0 3059 4400 -1 -1 -1 0 1 4095 3205 3085 1 -1 0
1 3059 4400 4096 1 -1 0 0 4095 3205 -1 -1 -1 0
0 3059 4400 -1 -1 -1 0 1 4095 3205 3065 1 -1 0
1 3059 4400 4093 1 1 0 0 4095 3205 -1 -1 -1 0
0 3059 4400 -1 -1 -1 0 1 4095 3205 3055 1 1 0
1 3059 4400 4094 1 1 0 0 4095 3205 -1 -1 -1 0
0 3059 4400 -1 -1 -1 0 1 4095 3205 3060 1 -1 0
1 3059 4500 4095 1 0 0 0 4095 3205 -1 -1 -1 0
0 3059 4500 -1 -1 -1 0 1 8191 3205 3057 1 1 0
1 3059 4500 5000 1 1 0 0 8191 3205 -1 -1 -1 0
0 3059 4500 -1 -1 -1 0 1 8191 3205 3058 1 1 0
1 3059 4500 7500 1 1 0 0 8191 3205 -1 -1 -1 0
0 3059 4500 -1 -1 -1 0 1 8191 3305 3059 1 0 0
1 3070 4500 8750 1 -1 0 0 8191 3305 -1 -1 -1 0
0 3070 4500 -1 -1 -1 0 1 8191 3305 5000 1 -1 0
1 3070 4500 8125 1 1 0 0 8191 3305 -1 -1 -1 0
0 3070 4500 -1 -1 -1 0 1 8191 3305 2500 1 1 0
1 3070 4500 8437 1 -1 0 0 8191 3305 -1 -1 -1 0
0 3070 4500 -1 -1 -1 0 1 8191 3305 3750 1 -1 0
1 3070 4500 8281 1 -1 0 0 8191 3305 -1 -1 -1 0
0 3070 4500 -1 -1 -1 0 1 8191 3305 3125 1 -1 0
1 3070 4500 8203 1 -1 0 0 8191 3305 -1 -1 -1 0
0 3070 4500 -1 -1 -1 0 1 8191 3305 2812 1 1 0
1 3070 4500 8164 1 1 0 0 8191 3305 -1 -1 -1 0
0 3070 4500 -1 -1 -1 0 1 8191 3305 2968 1 1 0
1 3070 4500 8183 1 1 0 0 8191 3305 -1 -1 -1 0
0 3070 4500 -1 -1 -1 0 1 8191 3305 3046 1 1 0
1 3070 4500 8193 1 -1 0 0 8191 3305 -1 -1 -1 0
0 3070 4500 -1 -1 -1 0 1 8191 3305 3085 1 -1 0
1 3070 4500 8188 1 1 0 0 8191 3305 -1 -1 -1 0
0 3070 4500 -1 -1 -1 0 1 8191 3305 3065 1 1 0
1 3070 4500 8190 1 1 0 0 8191 3305 -1 -1 -1 0
0 3070 4500 -1 -1 -1 0 1 8191 3305 3075 1 -1 0
1 3070 4600 8191 1 0 0 0 8191 3305 -1 -1 -1 0
0 3070 4600 -1 -1 -1 0 1 10000 3405 3070 1 0 0
1 8168 4600 5000 1 1 0 0 10000 3405 -1 -1 -1 0
0 8168 4600 -1 -1 -1 0 1 10000 3405 5000 1 1 0
1 8168 4600 7500 1 1 0 0 10000 3405 -1 -1 -1 0
0 8168 4600 -1 -1 -1 0 1 10000 3405 7500 1 1 0
1 8168 4600 8750 1 1 0 0 10000 3405 -1 -1 -1 0
0 8168 4600 -1 -1 -1 0 1 10000 3405 8750 1 -1 0
1 8168 4600 9375 1 1 0 0 10000 3405 -1 -1 -1 0
0 8168 4600 -1 -1 -1 0 1 10000 3405 8125 1 1 0
1 8168 4600 9688 1 1 0 0 10000 3405 -1 -1 -1 0
0 8168 4600 -1 -1 -1 0 1 10000 3405 8437 1 -1 0
1 8168 4600 9844 1 1 0 0 10000 3405 -1 -1 -1 0
0 8168 4600 -1 -1 -1 0 1 10000 3405 8281 1 -1 0
1 8168 4600 9922 1 1 0 0 10000 3405 -1 -1 -1 0
0 8168 4600 -1 -1 -1 0 1 10000 3405 8203 1 -1 0
1 8168 4600 9961 1 1 0 0 10000 3405 -1 -1 -1 0
0 8168 4600 -1 -1 -1 0 1 10000 3405 8164 1 1 0
1 8168 4600 9981 1 1 0 0 10000 3405 -1 -1 -1 0
0 8168 4600 -1 -1 -1 0 1 10000 3405 8183 1 -1 0
1 8168 4600 9991 1 1 0 0 10000 3405 -1 -1 -1 0
0 8168 4600 -1 -1 -1 0 1 10000 3405 8173 1 -1 0
1 8168 4600 9996 1 1 0 0 10000 3405 -1 -1 -1 0
0 8168 4600 -1 -1 -1 0 1 10000 3505 8168 1 0 0
1 1394 4600 9998 1 1 0 0 10000 3505 -1 -1 -1 0
0 1394 4600 -1 -1 -1 0 1 10000 3505 5000 1 -1 0
1 1394 4600 9999 1 1 0 0 10000 3505 -1 -1 -1 0
0 1394 4600 -1 -1 -1 0 1 10000 3505 2500 1 -1 0
1 1394 4700 10000 1 0 0 0 10000 3505 -1 -1 -1 0
0 1394 4700 -1 -1 -1 0 1 1 3505 1250 1 1 0
1 1394 4700 5000 1 -1 0 0 1 3505 -1 -1 -1 0
0 1394 4700 -1 -1 -1 0 1 1 3505 1875 1 -1 0
1 1394 4700 2500 1 -1 0 0 1 3505 -1 -1 -1 0
0 1394 4700 -1 -1 -1 0 1 1 3505 1562 1 -1 0
1 1394 4700 1250 1 -1 0 0 1 3505 -1 -1 -1 0
0 1394 4700 -1 -1 -1 0 1 1 3505 1406 1 -1 0
1 1394 4700 625 1 -1 0 0 1 3505 -1 -1 -1 0
0 1394 4700 -1 -1 -1 0 1 1 3505 1328 1 1 0
1 1394 4700 312 1 -1 0 0 1 3505 -1 -1 -1 0
0 1394 4700 -1 -1 -1 0 1 1 3505 1367 1 1 0
1 1394 4700 156 1 -1 0 0 1 3505 -1 -1 -1 0
0 1394 4700 -1 -1 -1 0 1 1 3505 1386 1 1 0
1 1394 4700 78 1 -1 0 0 1 3505 -1 -1 -1 0
0 1394 4700 -1 -1 -1 0 1 1 3505 1396 1 -1 0
1 1394 4700 39 1 -1 0 0 1 3505 -1 -1 -1 0
0 1394 4700 -1 -1 -1 0 1 1 3505 1391 1 1 0
1 1394 4700 19 1 -1 0 0 1 3505 -1 -1 -1 0
0 1394 4700 -1 -1 -1 0 1 1 3505 1393 1 1 0
1 1394 4700 9 1 -1 0 0 1 3505 -1 -1 -1 0
0 1394 4700 -1 -1 -1 0 1 1 3605 1394 1 0 0
1 8457 4700 4 1 -1 0 0 1 3605 -1 -1 -1 0
0 8457 4700 -1 -1 -1 0 1 1 3605 5000 1 1 0
1 8457 4700 2 1 -1 0 0 1 3605 -1 -1 -1 0
0 8457 4700 -1 -1 -1 0 1 1 3605 7500 1 1 0
1 8457 4800 1 1 0 0 0 1 3605 -1 -1 -1 0
0 8457 4800 -1 -1 -1 0 1 3 3605 8750 1 -1 0
1 8457 4800 5000 1 -1 0 0 3 3605 -1 -1 -1 0
0 8457 4800 -1 -1 -1 0 1 3 3605 8125 1 1 0
1 8457 4800 2500 1 -1 0 0 3 3605 -1 -1 -1 0
0 8457 4800 -1 -1 -1 0 1 3 3605 8437 1 1 0
1 8457 4800 1250 1 -1 0 0 3 3605 -1 -1 -1 0
0 8457 4800 -1 -1 -1 0 1 3 3605 8593 1 -1 0
1 8457 4800 625 1 -1 0 0 3 3605 -1 -1 -1 0
0 8457 4800 -1 -1 -1 0 1 3 3605 8515 1 -1 0
1 8457 4800 312 1 -1 0 0 3 3605 -1 -1 -1 0
0 8457 4800 -1 -1 -1 0 1 3 3605 8476 1 -1 0
1 8457 4800 156 1 -1 0 0 3 3605 -1 -1 -1 0
0 8457 4800 -1 -1 -1 0 1 3 3605 8456 1 1 0
1 8457 4800 78 1 -1 0 0 3 3605 -1 -1 -1 0
0 8457 4800 -1 -1 -1 0 1 3 3605 8466 1 -1 0
1 8457 4800 39 1 -1 0 0 3 3605 -1 -1 -1 0
0 8457 4800 -1 -1 -1 0 1 3 3605 8461 1 -1 0
1 8457 4800 19 1 -1 0 0 3 3605 -1 -1 -1 0
0 8457 4800 -1 -1 -1 0 1 3 3605 8458 1 -1 0
1 8457 4800 9 1 -1 0 0 3 3605 -1 -1 -1 0
0 8457 4800 -1 -1 -1 0 1 3 3705 8457 1 0 0
1 5012 4800 4 1 -1 0 0 3 3705 -1 -1 -1 0
0 5012 4800 -1 -1 -1 0 1 3 3705 5000 1 1 0
1 5012 4800 2 1 1 0 0 3 3705 -1 -1 -1 0
0 5012 4800 -1 -1 -1 0 1 3 3705 7500 1 -1 0
1 5012 4900 3 1 0 0 0 3 3705 -1 -1 -1 0
0 5012 4900 -1 -1 -1 0 1 7 3705 6250 1 -1 0
1 5012 4900 5000 1 -1 0 0 7 3705 -1 -1 -1 0
0 5012 4900 -1 -1 -1 0 1 7 3705 5625 1 -1 0
1 5012 4900 2500 1 -1 0 0 7 3705 -1 -1 -1 0
0 5012 4900 -1 -1 -1 0 1 7 3705 5312 1 -1 0
1 5012 4900 1250 1 -1 0 0 7 3705 -1 -1 -1 0
0 5012 4900 -1 -1 -1 0 1 7 3705 5156 1 -1 0
1 5012 4900 625 1 -1 0 0 7 3705 -1 -1 -1 0
0 5012 4900 -1 -1 -1 0 1 7 3705 5078 1 -1 0
1 5012 4900 312 1 -1 0 0 7 3705 -1 -1 -1 0
0 5012 4900 -1 -1 -1 0 1 7 3705 5039 1 -1 0
1 5012 4900 156 1 -1 0 0 7 3705 -1 -1 -1 0
0 5012 4900 -1 -1 -1 0 1 7 3705 5019 1 -1 0
1 5012 4900 78 1 -1 0 0 7 3705 -1 -1 -1 0
0 5012 4900 -1 -1 -1 0 1 7 3705 5009 1 1 0
1 5012 4900 39 1 -1 0 0 7 3705 -1 -1 -1 0
0 5012 4900 -1 -1 -1 0 1 7 3705 5014 1 -1 0
1 5012 4900 19 1 -1 0 0 7 3705 -1 -1 -1 0
0 5012 4900 -1 -1 -1 0 1 7 3705 5011 1 1 0
1 5012 4900 9 1 -1 0 0 7 3705 -1 -1 -1 0
0 5012 4900 -1 -1 -1 0 1 7 3805 5012 1 0 0
1 8043 4900 4 1 1 0 0 7 3805 -1 -1 -1 0
0 8043 4900 -1 -1 -1 0 1 7 3805 5000 1 1 0
1 8043 4900 6 1 1 0 0 7 3805 -1 -1 -1 0
0 8043 4900 -1 -1 -1 0 1 7 3805 7500 1 1 0
1 8043 5000 7 1 0 0 0 7 3805 -1 -1 -1 0
0 8043 5000 -1 -1 -1 0 1 15 3805 8750 1 -1 0
1 8043 5000 5000 1 -1 0 0 15 3805 -1 -1 -1 0
0 8043 5000 -1 -1 -1 0 1 15 3805 8125 1 -1 0
1 8043 5000 2500 1 -1 0 0 15 3805 -1 -1 -1 0
0 8043 5000 -1 -1 -1 0 1 15 3805 7812 1 1 0
1 8043 5000 1250 1 -1 0 0 15 3805 -1 -1 -1 0
0 8043 5000 -1 -1 -1 0 1 15 3805 7968 1 1 0
1 8043 5000 625 1 -1 0 0 15 3805 -1 -1 -1 0
0 8043 5000 -1 -1 -1 0 1 15 3805 8046 1 -1 0
1 8043 5000 312 1 -1 0 0 15 3805 -1 -1 -1 0
0 8043 5000 -1 -1 -1 0 1 15 3805 8007 1 1 0
1 8043 5000 156 1 -1 0 0 15 3805 -1 -1 -1 0
0 8043 5000 -1 -1 -1 0 1 15 3805 8026 1 1 0
1 8043 5000 78 1 -1 0 0 15 3805 -1 -1 -1 0
0 8043 5000 -1 -1 -1 0 1 15 3805 8036 1 1 0
1 8043 5000 39 1 -1 0 0 15 3805 -1 -1 -1 0
0 8043 5000 -1 -1 -1 0 1 15 3805 8041 1 1 0
1 8043 5000 19 1 -1 0 0 15 3805 -1 -1 -1 0
0 8043 5000 -1 -1 -1 0 1 15 3905 8043 1 0 0
1 6230 5000 9 1 1 0 0 15 3905 -1 -1 -1 0
0 6230 5000 -1 -1 -1 0 1 15 3905 5000 1 1 0
1 6230 5000 14 1 1 0 0 15 3905 -1 -1 -1 0
0 6230 5000 -1 -1 -1 0 1 15 3905 7500 1 -1 0
1 6230 5000 16 1 -1 0 0 15 3905 -1 -1 -1 0
0 6230 5000 -1 -1 -1 0 1 15 3905 6250 1 -1 0
1 6230 5100 15 1 0 0 0 15 3905 -1 -1 -1 0
0 6230 5100 -1 -1 -1 0 1 31 3905 5625 1 1 0
1 6230 5100 5000 1 -1 0 0 31 3905 -1 -1 -1 0
0 6230 5100 -1 -1 -1 0 1 31 3905 5937 1 1 0
1 6230 5100 2500 1 -1 0 0 31 3905 -1 -1 -1 0
0 6230 5100 -1 -1 -1 0 1 31 3905 6093 1 1 0
1 6230 5100 1250 1 -1 0 0 31 3905 -1 -1 -1 0
0 6230 5100 -1 -1 -1 0 1 31 3905 6171 1 1 0
1 6230 5100 625 1 -1 0 0 31 3905 -1 -1 -1 0
0 6230 5100 -1 -1 -1 0 1 31 3905 6210 1 1 0
1 6230 5100 312 1 -1 0 0 31 3905 -1 -1 -1 0
0 6230 5100 -1 -1 -1 0 1 31 4005 6230 1 0 0
1 7374 5100 156 1 -1 0 0 31 4005 -1 -1 -1 0
0 7374 5100 -1 -1 -1 0 1 31 4005 5000 1 1 0
1 7374 5100 78 1 -1 0 0 31 4005 -1 -1 -1 0
0 7374 5100 -1 -1 -1 0 1 31 4005 7500 1 -1 0
1 7374 5100 39 1 -1 0 0 31 4005 -1 -1 -1 0
0 7374 5100 -1 -1 -1 0 1 31 4005 6250 1 1 0
1 7374 5100 19 1 1 0 0 31 4005 -1 -1 -1 0
0 7374 5100 -1 -1 -1 0 1 31 4005 6875 1 1 0
1 7374 5100 29 1 1 0 0 31 4005 -1 -1 -1 0
0 7374 5100 -1 -1 -1 0 1 31 4005 7187 1 1 0
1 7374 5100 34 1 -1 0 0 31 4005 -1 -1 -1 0
0 7374 5100 -1 -1 -1 0 1 31 4005 7343 1 1 0
1 7374 5200 31 1 0 0 0 31 4005 -1 -1 -1 0
0 7374 5200 -1 -1 -1 0 1 63 4005 7421 1 -1 0
1 7374 5200 5000 1 -1 0 0 63 4005 -1 -1 -1 0
0 7374 5200 -1 -1 -1 0 1 63 4005 7382 1 -1 0
1 7374 5200 2500 1 -1 0 0 63 4005 -1 -1 -1 0
0 7374 5200 -1 -1 -1 0 1 63 4005 7362 1 1 0
1 7374 5200 1250 1 -1 0 0 63 4005 -1 -1 -1 0
0 7374 5200 -1 -1 -1 0 1 63 4005 7372 1 1 0
1 7374 5200 625 1 -1 0 0 63 4005 -1 -1 -1 0
0 7374 5200 -1 -1 -1 0 1 63 4005 7377 1 -1 0
1 7374 5200 312 1 -1 0 0 63 4005 -1 -1 -1 0
0 7374 5200 -1 -1 -1 0 1 63 4105 7374 1 0 0
1 4422 5200 156 1 -1 0 0 63 4105 -1 -1 -1 0
0 4422 5200 -1 -1 -1 0 1 63 4105 5000 1 -1 0
1 4422 5200 78 1 -1 0 0 63 4105 -1 -1 -1 0
0 4422 5200 -1 -1 -1 0 1 63 4105 2500 1 1 0
1 4422 5200 39 1 1 0 0 63 4105 -1 -1 -1 0
0 4422 5200 -1 -1 -1 0 1 63 4105 3750 1 1 0
1 4422 5200 58 1 1 0 0 63 4105 -1 -1 -1 0
0 4422 5200 -1 -1 -1 0 1 63 4105 4375 1 1 0
1 4422 5200 68 1 -1 0 0 63 4105 -1 -1 -1 0
0 4422 5200 -1 -1 -1 0 1 63 4105 4687 1 -1 0
1 4422 5300 63 1 0 0 0 63 4105 -1 -1 -1 0
0 4422 5300 -1 -1 -1 0 1 127 4105 4531 1 -1 0
1 4422 5300 5000 1 -1 0 0 127 4105 -1 -1 -1 0
0 4422 5300 -1 -1 -1 0 1 127 4105 4453 1 -1 0
1 4422 5300 2500 1 -1 0 0 127 4105 -1 -1 -1 0
0 4422 5300 -1 -1 -1 0 1 127 4105 4414 1 1 0
1 4422 5300 1250 1 -1 0 0 127 4105 -1 -1 -1 0
0 4422 5300 -1 -1 -1 0 1 127 4105 4433 1 -1 0
1 4422 5300 625 1 -1 0 0 127 4105 -1 -1 -1 0
0 4422 5300 -1 -1 -1 0 1 127 4105 4423 1 -1 0
1 4422 5300 312 1 -1 0 0 127 4105 -1 -1 -1 0
0 4422 5300 -1 -1 -1 0 1 127 4105 4418 1 1 0
1 4422 5300 156 1 -1 0 0 127 4105 -1 -1 -1 0
0 4422 5300 -1 -1 -1 0 1 127 4105 4420 1 1 0
1 4422 5300 78 1 1 0 0 127 4105 -1 -1 -1 0
0 4422 5300 -1 -1 -1 0 1 127 4105 4421 1 1 0
1 4422 5300 117 1 1 0 0 127 4105 -1 -1 -1 0
0 4422 5300 -1 -1 -1 0 1 127 4205 4422 1 0 0
1 4920 5300 136 1 -1 0 0 127 4205 -1 -1 -1 0
0 4920 5300 -1 -1 -1 0 1 127 4205 5000 1 -1 0
1 4920 5300 126 1 1 0 0 127 4205 -1 -1 -1 0
0 4920 5300 -1 -1 -1 0 1 127 4205 2500 1 1 0
1 4920 5300 131 1 -1 0 0 127 4205 -1 -1 -1 0
0 4920 5300 -1 -1 -1 0 1 127 4205 3750 1 1 0
1 4920 5300 128 1 -1 0 0 127 4205 -1 -1 -1 0
0 4920 5300 -1 -1 -1 0 1 127 4205 4375 1 1 0
1 4920 5400 127 1 0 0 0 127 4205 -1 -1 -1 0
0 4920 5400 -1 -1 -1 0 1 255 4205 4687 1 1 0
1 4920 5400 5000 1 -1 0 0 255 4205 -1 -1 -1 0
0 4920 5400 -1 -1 -1 0 1 255 4205 4843 1 1 0
1 4920 5400 2500 1 -1 0 0 255 4205 -1 -1 -1 0
0 4920 5400 -1 -1 -1 0 1 255 4205 4921 1 -1 0
1 4920 5400 1250 1 -1 0 0 255 4205 -1 -1 -1 0
0 4920 5400 -1 -1 -1 0 1 255 4205 4882 1 1 0
1 4920 5400 625 1 -1 0 0 255 4205 -1 -1 -1 0
0 4920 5400 -1 -1 -1 0 1 255 4205 4901 1 1 0
1 4920 5400 312 1 -1 0 0 255 4205 -1 -1 -1 0
0 4920 5400 -1 -1 -1 0 1 255 4205 4911 1 1 0
1 4920 5400 156 1 1 0 0 255 4205 -1 -1 -1 0
0 4920 5400 -1 -1 -1 0 1 255 4205 4916 1 1 0
1 4920 5400 234 1 1 0 0 255 4205 -1 -1 -1 0
0 4920 5400 -1 -1 -1 0 1 255 4205 4918 1 1 0
1 4920 5400 273 1 -1 0 0 255 4205 -1 -1 -1 0
0 4920 5400 -1 -1 -1 0 1 255 4205 4919 1 1 0
1 4920 5400 253 1 1 0 0 255 4205 -1 -1 -1 0
0 4920 5400 -1 -1 -1 0 1 255 4305 4920 1 0 0
1 3785 5400 263 1 -1 0 0 255 4305 -1 -1 -1 0
0 3785 5400 -1 -1 -1 0 1 255 4305 5000 1 -1 0
1 3785 5400 258 1 -1 0 0 255 4305 -1 -1 -1 0
0 3785 5400 -1 -1 -1 0 1 255 4305 2500 1 1 0
1 3785 5500 255 1 0 0 0 255 4305 -1 -1 -1 0
0 3785 5500 -1 -1 -1 0 1 511 4305 3750 1 1 0
1 3785 5500 5000 1 -1 0 0 511 4305 -1 -1 -1 0
0 3785 5500 -1 -1 -1 0 1 511 4305 4375 1 -1 0
1 3785 5500 2500 1 -1 0 0 511 4305 -1 -1 -1 0
0 3785 5500 -1 -1 -1 0 1 511 4305 4062 1 -1 0
1 3785 5500 1250 1 -1 0 0 511 4305 -1 -1 -1 0
0 3785 5500 -1 -1 -1 0 1 511 4305 3906 1 -1 0
1 3785 5500 625 1 -1 0 0 511 4305 -1 -1 -1 0
0 3785 5500 -1 -1 -1 0 1 511 4305 3828 1 -1 0
1 3785 5500 312 1 1 0 0 511 4305 -1 -1 -1 0
0 3785 5500 -1 -1 -1 0 1 511 4305 3789 1 -1 0
1 3785 5500 468 1 1 0 0 511 4305 -1 -1 -1 0
0 3785 5500 -1 -1 -1 0 1 511 4305 3769 1 1 0
1 3785 5500 546 1 -1 0 0 511 4305 -1 -1 -1 0
0 3785 5500 -1 -1 -1 0 1 511 4305 3779 1 1 0
1 3785 5500 507 1 1 0 0 511 4305 -1 -1 -1 0
0 3785 5500 -1 -1 -1 0 1 511 4305 3784 1 1 0
1 3785 5500 526 1 -1 0 0 511 4305 -1 -1 -1 0
0 3785 5500 -1 -1 -1 0 1 511 4305 3786 1 -1 0
1 3785 5500 516 1 -1 0 0 511 4305 -1 -1 -1 0
0 3785 5500 -1 -1 -1 0 1 511 4405 3785 1 0 0
1 8538 5600 511 1 0 0 0 511 4405 -1 -1 -1 0
0 8538 5600 -1 -1 -1 0 1 1023 4405 5000 1 1 0
1 8538 5600 5000 1 -1 0 0 1023 4405 -1 -1 -1 0
0 8538 5600 -1 -1 -1 0 1 1023 4405 7500 1 1 0
1 8538 5600 2500 1 -1 0 0 1023 4405 -1 -1 -1 0
0 8538 5600 -1 -1 -1 0 1 1023 4405 8750 1 -1 0
1 8538 5600 1250 1 -1 0 0 1023 4405 -1 -1 -1 0
0 8538 5600 -1 -1 -1 0 1 1023 4405 8125 1 1 0
1 8538 5600 625 1 1 0 0 1023 4405 -1 -1 -1 0
0 8538 5600 -1 -1 -1 0 1 1023 4405 8437 1 1 0
1 8538 5600 937 1 1 0 0 1023 4405 -1 -1 -1 0
0 8538 5600 -1 -1 -1 0 1 1023 4405 8593 1 -1 0
1 8538 5600 1093 1 -1 0 0 1023 4405 -1 -1 -1 0
0 8538 5600 -1 -1 -1 0 1 1023 4405 8515 1 1 0
1 8538 5600 1015 1 1 0 0 1023 4405 -1 -1 -1 0
0 8538 5600 -1 -1 -1 0 1 1023 4405 8554 1 -1 0
1 8538 5600 1054 1 -1 0 0 1023 4405 -1 -1 -1 0
0 8538 5600 -1 -1 -1 0 1 1023 4405 8534 1 1 0
1 8538 5600 1034 1 -1 0 0 1023 4405 -1 -1 -1 0
0 8538 5600 -1 -1 -1 0 1 1023 4405 8544 1 -1 0
1 8538 5600 1024 1 -1 0 0 1023 4405 -1 -1 -1 0
0 8538 5600 -1 -1 -1 0 1 1023 4405 8539 1 -1 0
1 8538 5600 1019 1 1 0 0 1023 4405 -1 -1 -1 0
0 8538 5600 -1 -1 -1 0 1 1023 4405 8536 1 1 0
1 8538 5600 1021 1 1 0 0 1023 4405 -1 -1 -1 0
0 8538 5600 -1 -1 -1 0 1 1023 4405 8537 1 1 0
1 8538 5600 1022 1 1 0 0 1023 4405 -1 -1 -1 0
0 8538 5600 -1 -1 -1 0 1 1023 4505 8538 1 0 0
1 5199 5700 1023 1 0 0 0 1023 4505 -1 -1 -1 0
0 5199 5700 -1 -1 -1 0 1 2047 4505 5000 1 1 0
1 5199 5700 5000 1 -1 0 0 2047 4505 -1 -1 -1 0
0 5199 5700 -1 -1 -1 0 1 2047 4505 7500 1 -1 0
1 5199 5700 2500 1 -1 0 0 2047 4505 -1 -1 -1 0
0 5199 5700 -1 -1 -1 0 1 2047 4505 6250 1 -1 0
1 5199 5700 1250 1 1 0 0 2047 4505 -1 -1 -1 0
0 5199 5700 -1 -1 -1 0 1 2047 4505 5625 1 -1 0
1 5199 5700 1875 1 1 0 0 2047 4505 -1 -1 -1 0
0 5199 5700 -1 -1 -1 0 1 2047 4505 5312 1 -1 0
1 5199 5700 2187 1 -1 0 0 2047 4505 -1 -1 -1 0
0 5199 5700 -1 -1 -1 0 1 2047 4505 5156 1 1 0
1 5199 5700 2031 1 1 0 0 2047 4505 -1 -1 -1 0
0 5199 5700 -1 -1 -1 0 1 2047 4505 5234 1 -1 0
1 5199 5700 2109 1 -1 0 0 2047 4505 -1 -1 -1 0
0 5199 5700 -1 -1 -1 0 1 2047 4505 5195 1 1 0
1 5199 5700 2070 1 -1 0 0 2047 4505 -1 -1 -1 0
0 5199 5700 -1 -1 -1 0 1 2047 4505 5214 1 -1 0
1 5199 5700 2050 1 -1 0 0 2047 4505 -1 -1 -1 0
0 5199 5700 -1 -1 -1 0 1 2047 4505 5204 1 -1 0
1 5199 5700 2040 1 1 0 0 2047 4505 -1 -1 -1 0
0 5199 5700 -1 -1 -1 0 1 2047 4605 5199 1 0 0
1 4325 5700 2045 1 1 0 0 2047 4605 -1 -1 -1 0
0 4325 5700 -1 -1 -1 0 1 2047 4605 5000 1 -1 0
1 4325 5800 2047 1 0 0 0 2047 4605 -1 -1 -1 0
0 4325 5800 -1 -1 -1 0 1 4095 4605 2500 1 1 0
1 4325 5800 5000 1 -1 0 0 4095 4605 -1 -1 -1 0
0 4325 5800 -1 -1 -1 0 1 4095 4605 3750 1 1 0
1 4325 5800 2500 1 1 0 0 4095 4605 -1 -1 -1 0
0 4325 5800 -1 -1 -1 0 1 4095 4605 4375 1 -1 0
1 4325 5800 3750 1 1 0 0 4095 4605 -1 -1 -1 0
0 4325 5800 -1 -1 -1 0 1 4095 4605 4062 1 1 0
1 4325 5800 4375 1 -1 0 0 4095 4605 -1 -1 -1 0
0 4325 5800 -1 -1 -1 0 1 4095 4605 4218 1 1 0
1 4325 5800 4062 1 1 0 0 4095 4605 -1 -1 -1 0
0 4325 5800 -1 -1 -1 0 1 4095 4605 4296 1 1 0
1 4325 5800 4218 1 -1 0 0 4095 4605 -1 -1 -1 0
0 4325 5800 -1 -1 -1 0 1 4095 4605 4335 1 -1 0
1 4325 5800 4140 1 -1 0 0 4095 4605 -1 -1 -1 0
0 4325 5800 -1 -1 -1 0 1 4095 4605 4315 1 1 0
1 4325 5800 4101 1 -1 0 0 4095 4605 -1 -1 -1 0
0 4325 5800 -1 -1 -1 0 1 4095 4705 4325 1 0 0
1 8316 5800 4081 1 1 0 0 4095 4705 -1 -1 -1 0
0 8316 5800 -1 -1 -1 0 1 4095 4705 5000 1 1 0
1 8316 5800 4091 1 1 0 0 4095 4705 -1 -1 -1 0
0 8316 5800 -1 -1 -1 0 1 4095 4705 7500 1 1 0
1 8316 5800 4096 1 -1 0 0 4095 4705 -1 -1 -1 0
0 8316 5800 -1 -1 -1 0 1 4095 4705 8750 1 -1 0
1 8316 5800 4093 1 1 0 0 4095 4705 -1 -1 -1 0
0 8316 5800 -1 -1 -1 0 1 4095 4705 8125 1 1 0
1 8316 5800 4094 1 1 0 0 4095 4705 -1 -1 -1 0
0 8316 5800 -1 -1 -1 0 1 4095 4705 8437 1 -1 0
1 8316 5900 4095 1 0 0 0 4095 4705 -1 -1 -1 0
0 8316 5900 -1 -1 -1 0 1 8191 4705 8281 1 1 0
1 8316 5900 5000 1 1 0 0 8191 4705 -1 -1 -1 0
0 8316 5900 -1 -1 -1 0 1 8191 4705 8359 1 -1 0
1 8316 5900 7500 1 1 0 0 8191 4705 -1 -1 -1 0
0 8316 5900 -1 -1 -1 0 1 8191 4705 8320 1 -1 0
1 8316 5900 8750 1 -1 0 0 8191 4705 -1 -1 -1 0
0 8316 5900 -1 -1 -1 0 1 8191 4705 8300 1 1 0
1 8316 5900 8125 1 1 0 0 8191 4705 -1 -1 -1 0
0 8316 5900 -1 -1 -1 0 1 8191 4705 8310 1 1 0
1 8316 5900 8437 1 -1 0 0 8191 4705 -1 -1 -1 0
0 8316 5900 -1 -1 -1 0 1 8191 4705 8315 1 1 0
1 8316 5900 8281 1 -1 0 0 8191 4705 -1 -1 -1 0
0 8316 5900 -1 -1 -1 0 1 8191 4705 8317 1 -1 0
1 8316 5900 8203 1 -1 0 0 8191 4705 -1 -1 -1 0
0 8316 5900 -1 -1 -1 0 1 8191 4805 8316 1 0 0
1 4371 5900 8164 1 1 0 0 8191 4805 -1 -1 -1 0
0 4371 5900 -1 -1 -1 0 1 8191 4805 5000 1 -1 0
1 4371 5900 8183 1 1 0 0 8191 4805 -1 -1 -1 0
0 4371 5900 -1 -1 -1 0 1 8191 4805 2500 1 1 0
1 4371 5900 8193 1 -1 0 0 8191 4805 -1 -1 -1 0
0 4371 5900 -1 -1 -1 0 1 8191 4805 3750 1 1 0
1 4371 5900 8188 1 1 0 0 8191 4805 -1 -1 -1 0
0 4371 5900 -1 -1 -1 0 1 8191 4805 4375 1 -1 0
1 4371 5900 8190 1 1 0 0 8191 4805 -1 -1 -1 0
0 4371 5900 -1 -1 -1 0 1 8191 4805 4062 1 1 0
1 4371 6000 8191 1 0 0 0 8191 4805 -1 -1 -1 0
0 4371 6000 -1 -1 -1 0 1 10000 4805 4218 1 1 0
1 4371 6000 5000 1 1 0 0 10000 4805 -1 -1 -1 0
0 4371 6000 -1 -1 -1 0 1 10000 4805 4296 1 1 0
1 4371 6000 7500 1 1 0 0 10000 4805 -1 -1 -1 0
0 4371 6000 -1 -1 -1 0 1 10000 4805 4335 1 1 0
1 4371 6000 8750 1 1 0 0 10000 4805 -1 -1 -1 0
0 4371 6000 -1 -1 -1 0 1 10000 4805 4355 1 1 0
1 4371 6000 9375 1 1 0 0 10000 4805 -1 -1 -1 0
0 4371 6000 -1 -1 -1 0 1 10000 4805 4365 1 1 0
1 4371 6000 9688 1 1 0 0 10000 4805 -1 -1 -1 0
0 4371 6000 -1 -1 -1 0 1 10000 4805 4370 1 1 0
1 4371 6000 9844 1 1 0 0 10000 4805 -1 -1 -1 0
0 4371 6000 -1 -1 -1 0 1 10000 4805 4372 1 -1 0
1 4371 6000 9922 1 1 0 0 10000 4805 -1 -1 -1 0
0 4371 6000 -1 -1 -1 0 1 10000 4905 4371 1 0 0
1 6414 6000 9961 1 1 0 0 10000 4905 -1 -1 -1 0
0 6414 6000 -1 -1 -1 0 1 10000 4905 5000 1 1 0
1 6414 6000 9981 1 1 0 0 10000 4905 -1 -1 -1 0
0 6414 6000 -1 -1 -1 0 1 10000 4905 7500 1 -1 0
1 6414 6000 9991 1 1 0 0 10000 4905 -1 -1 -1 0
0 6414 6000 -1 -1 -1 0 1 10000 4905 6250 1 1 0
1 6414 6000 9996 1 1 0 0 10000 4905 -1 -1 -1 0
0 6414 6000 -1 -1 -1 0 1 10000 4905 6875 1 -1 0
1 6414 6000 9998 1 1 0 0 10000 4905 -1 -1 -1 0
0 6414 6000 -1 -1 -1 0 1 10000 4905 6562 1 -1 0
1 6414 6000 9999 1 1 0 0 10000 4905 -1 -1 -1 0
0 6414 6000 -1 -1 -1 0 1 10000 4905 6406 1 1 0
1 6414 6100 10000 1 0 0 0 10000 4905 -1 -1 -1 0
0 6414 6100 -1 -1 -1 0 1 1 4905 6484 1 -1 0
1 6414 6100 5000 1 -1 0 0 1 4905 -1 -1 -1 0
0 6414 6100 -1 -1 -1 0 1 1 4905 6445 1 -1 0
1 6414 6100 2500 1 -1 0 0 1 4905 -1 -1 -1 0
0 6414 6100 -1 -1 -1 0 1 1 4905 6425 1 -1 0
1 6414 6100 1250 1 -1 0 0 1 4905 -1 -1 -1 0
0 6414 6100 -1 -1 -1 0 1 1 4905 6415 1 -1 0
1 6414 6100 625 1 -1 0 0 1 4905 -1 -1 -1 0
0 6414 6100 -1 -1 -1 0 1 1 4905 6410 1 1 0
1 6414 6100 312 1 -1 0 0 1 4905 -1 -1 -1 0
0 6414 6100 -1 -1 -1 0 1 1 4905 6412 1 1 0
1 6414 6100 156 1 -1 0 0 1 4905 -1 -1 -1 0
0 6414 6100 -1 -1 -1 0 1 1 4905 6413 1 1 0
1 6414 6100 78 1 -1 0 0 1 4905 -1 -1 -1 0
0 6414 6100 -1 -1 -1 0 1 1 5005 6414 1 0 0
1 3527 6100 39 1 -1 0 0 1 5005 -1 -1 -1 0
0 3527 6100 -1 -1 -1 0 1 1 5005 5000 1 -1 0
1 3527 6100 19 1 -1 0 0 1 5005 -1 -1 -1 0
0 3527 6100 -1 -1 -1 0 1 1 5005 2500 1 1 0
1 3527 6100 9 1 -1 0 0 1 5005 -1 -1 -1 0
0 3527 6100 -1 -1 -1 0 1 1 5005 3750 1 -1 0
1 3527 6100 4 1 -1 0 0 1 5005 -1 -1 -1 0
0 3527 6100 -1 -1 -1 0 1 1 5005 3125 1 1 0
1 3527 6100 2 1 -1 0 0 1 5005 -1 -1 -1 0
0 3527 6100 -1 -1 -1 0 1 1 5005 3437 1 1 0
1 3527 6200 1 1 0 0 0 1 5005 -1 -1 -1 0
0 3527 6200 -1 -1 -1 0 1 3 5005 3593 1 -1 0
1 3527 6200 5000 1 -1 0 0 3 5005 -1 -1 -1 0
0 3527 6200 -1 -1 -1 0 1 3 5005 3515 1 1 0
1 3527 6200 2500 1 -1 0 0 3 5005 -1 -1 -1 0
0 3527 6200 -1 -1 -1 0 1 3 5005 3554 1 -1 0
1 3527 6200 1250 1 -1 0 0 3 5005 -1 -1 -1 0
0 3527 6200 -1 -1 -1 0 1 3 5005 3534 1 -1 0
1 3527 6200 625 1 -1 0 0 3 5005 -1 -1 -1 0
0 3527 6200 -1 -1 -1 0 1 3 5005 3524 1 1 0
1 3527 6200 312 1 -1 0 0 3 5005 -1 -1 -1 0
0 3527 6200 -1 -1 -1 0 1 3 5005 3529 1 -1 0
1 3527 6200 156 1 -1 0 0 3 5005 -1 -1 -1 0
0 3527 6200 -1 -1 -1 0 1 3 5005 3526 1 1 0
1 3527 6200 78 1 -1 0 0 3 5005 -1 -1 -1 0
0 3527 6200 -1 -1 -1 0 1 3 5105 3527 1 0 0
1 6092 6200 39 1 -1 0 0 3 5105 -1 -1 -1 0
0 6092 6200 -1 -1 -1 0 1 3 5105 5000 1 1 0
1 6092 6200 19 1 -1 0 0 3 5105 -1 -1 -1 0
0 6092 6200 -1 -1 -1 0 1 3 5105 7500 1 -1 0
1 6092 6200 9 1 -1 0 0 3 5105 -1 -1 -1 0
0 6092 6200 -1 -1 -1 0 1 3 5105 6250 1 -1 0
1 6092 6200 4 1 -1 0 0 3 5105 -1 -1 -1 0
0 6092 6200 -1 -1 -1 0 1 3 5105 5625 1 1 0
1 6092 6200 2 1 1 0 0 3 5105 -1 -1 -1 0
0 6092 6200 -1 -1 -1 0 1 3 5105 5937 1 1 0
1 6092 6300 3 1 0 0 0 3 5105 -1 -1 -1 0
0 6092 6300 -1 -1 -1 0 1 7 5105 6093 1 -1 0
1 6092 6300 5000 1 -1 0 0 7 5105 -1 -1 -1 0
0 6092 6300 -1 -1 -1 0 1 7 5105 6015 1 1 0
1 6092 6300 2500 1 -1 0 0 7 5105 -1 -1 -1 0
0 6092 6300 -1 -1 -1 0 1 7 5105 6054 1 1 0
1 6092 6300 1250 1 -1 0 0 7 5105 -1 -1 -1 0
0 6092 6300 -1 -1 -1 0 1 7 5105 6073 1 1 0
1 6092 6300 625 1 -1 0 0 7 5105 -1 -1 -1 0
0 6092 6300 -1 -1 -1 0 1 7 5105 6083 1 1 0
1 6092 6300 312 1 -1 0 0 7 5105 -1 -1 -1 0
0 6092 6300 -1 -1 -1 0 1 7 5105 6088 1 1 0
1 6092 6300 156 1 -1 0 0 7 5105 -1 -1 -1 0
0 6092 6300 -1 -1 -1 0 1 7 5105 6090 1 1 0
1 6092 6300 78 1 -1 0 0 7 5105 -1 -1 -1 0
0 6092 6300 -1 -1 -1 0 1 7 5105 6091 1 1 0
1 6092 6300 39 1 -1 0 0 7 5105 -1 -1 -1 0
0 6092 6300 -1 -1 -1 0 1 7 5205 6092 1 0 0
1 8981 6300 19 1 -1 0 0 7 5205 -1 -1 -1 0
0 8981 6300 -1 -1 -1 0 1 7 5205 5000 1 1 0
1 8981 6300 9 1 -1 0 0 7 5205 -1 -1 -1 0
0 8981 6300 -1 -1 -1 0 1 7 5205 7500 1 1 0
1 8981 6300 4 1 1 0 0 7 5205 -1 -1 -1 0
0 8981 6300 -1 -1 -1 0 1 7 5205 8750 1 1 0
1 8981 6300 6 1 1 0 0 7 5205 -1 -1 -1 0
0 8981 6300 -1 -1 -1 0 1 7 5205 9375 1 -1 0
1 8981 6400 7 1 0 0 0 7 5205 -1 -1 -1 0
0 8981 6400 -1 -1 -1 0 1 15 5205 9062 1 -1 0
1 8981 6400 5000 1 -1 0 0 15 5205 -1 -1 -1 0
0 8981 6400 -1 -1 -1 0 1 15 5205 8906 1 1 0
1 8981 6400 2500 1 -1 0 0 15 5205 -1 -1 -1 0
0 8981 6400 -1 -1 -1 0 1 15 5205 8984 1 -1 0
1 8981 6400 1250 1 -1 0 0 15 5205 -1 -1 -1 0
0 8981 6400 -1 -1 -1 0 1 15 5205 8945 1 1 0
1 8981 6400 625 1 -1 0 0 15 5205 -1 -1 -1 0
0 8981 6400 -1 -1 -1 0 1 15 5205 8964 1 1 0
1 8981 6400 312 1 -1 0 0 15 5205 -1 -1 -1 0
0 8981 6400 -1 -1 -1 0 1 15 5205 8974 1 1 0
1 8981 6400 156 1 -1 0 0 15 5205 -1 -1 -1 0
0 8981 6400 -1 -1 -1 0 1 15 5205 8979 1 1 0
1 8981 6400 78 1 -1 0 0 15 5205 -1 -1 -1 0
0 8981 6400 -1 -1 -1 0 1 15 5305 8981 1 0 0
1 9957 6400 39 1 -1 0 0 15 5305 -1 -1 -1 0
0 9957 6400 -1 -1 -1 0 1 15 5305 5000 1 1 0
1 9957 6400 19 1 -1 0 0 15 5305 -1 -1 -1 0
0 9957 6400 -1 -1 -1 0 1 15 5305 7500 1 1 0
1 9957 6400 9 1 1 0 0 15 5305 -1 -1 -1 0
0 9957 6400 -1 -1 -1 0 1 15 5305 8750 1 1 0
1 9957 6400 14 1 1 0 0 15 5305 -1 -1 -1 0
0 9957 6400 -1 -1 -1 0 1 15 5305 9375 1 1 0
1 9957 6400 16 1 -1 0 0 15 5305 -1 -1 -1 0
0 9957 6400 -1 -1 -1 0 1 15 5305 9688 1 1 0
1 9957 6500 15 1 0 0 0 15 5305 -1 -1 -1 0
0 9957 6500 -1 -1 -1 0 1 31 5305 9844 1 1 0
1 9957 6500 5000 1 -1 0 0 31 5305 -1 -1 -1 0
0 9957 6500 -1 -1 -1 0 1 31 5305 9922 1 1 0
1 9957 6500 2500 1 -1 0 0 31 5305 -1 -1 -1 0
0 9957 6500 -1 -1 -1 0 1 31 5305 9961 1 -1 0
1 9957 6500 1250 1 -1 0 0 31 5305 -1 -1 -1 0
0 9957 6500 -1 -1 -1 0 1 31 5305 9941 1 1 0
1 9957 6500 625 1 -1 0 0 31 5305 -1 -1 -1 0
0 9957 6500 -1 -1 -1 0 1 31 5305 9951 1 1 0
1 9957 6500 312 1 -1 0 0 31 5305 -1 -1 -1 0
0 9957 6500 -1 -1 -1 0 1 31 5305 9956 1 1 0
1 9957 6500 156 1 -1 0 0 31 5305 -1 -1 -1 0
0 9957 6500 -1 -1 -1 0 1 31 5305 9958 1 -1 0
1 9957 6500 78 1 -1 0 0 31 5305 -1 -1 -1 0
0 9957 6500 -1 -1 -1 0 1 31 5405 9957 1 0 0
1 1874 6500 39 1 -1 0 0 31 5405 -1 -1 -1 0
0 1874 6500 -1 -1 -1 0 1 31 5405 5000 1 -1 0
1 1874 6500 19 1 1 0 0 31 5405 -1 -1 -1 0
0 1874 6500 -1 -1 -1 0 1 31 5405 2500 1 -1 0
1 1874 6500 29 1 1 0 0 31 5405 -1 -1 -1 0
0 1874 6500 -1 -1 -1 0 1 31 5405 1250 1 1 0
1 1874 6500 34 1 -1 0 0 31 5405 -1 -1 -1 0
0 1874 6500 -1 -1 -1 0 1 31 5405 1875 1 -1 0
1 1874 6600 31 1 0 0 0 31 5405 -1 -1 -1 0
0 1874 6600 -1 -1 -1 0 1 63 5405 1562 1 1 0
1 1874 6600 5000 1 -1 0 0 63 5405 -1 -1 -1 0
0 1874 6600 -1 -1 -1 0 1 63 5405 1718 1 1 0
1 1874 6600 2500 1 -1 0 0 63 5405 -1 -1 -1 0
0 1874 6600 -1 -1 -1 0 1 63 5405 1796 1 1 0
1 1874 6600 1250 1 -1 0 0 63 5405 -1 -1 -1 0
0 1874 6600 -1 -1 -1 0 1 63 5405 1835 1 1 0
1 1874 6600 625 1 -1 0 0 63 5405 -1 -1 -1 0
0 1874 6600 -1 -1 -1 0 1 63 5405 1855 1 1 0
1 1874 6600 312 1 -1 0 0 63 5405 -1 -1 -1 0
0 1874 6600 -1 -1 -1 0 1 63 5405 1865 1 1 0
1 1874 6600 156 1 -1 0 0 63 5405 -1 -1 -1 0
0 1874 6600 -1 -1 -1 0 1 63 5405 1870 1 1 0
1 1874 6600 78 1 -1 0 0 63 5405 -1 -1 -1 0
0 1874 6600 -1 -1 -1 0 1 63 5405 1872 1 1 0
1 1874 6600 39 1 1 0 0 63 5405 -1 -1 -1 0
0 1874 6600 -1 -1 -1 0 1 63 5405 1873 1 1 0
1 1874 6600 58 1 1 0 0 63 5405 -1 -1 -1 0
0 1874 6600 -1 -1 -1 0 1 63 5505 1874 1 0 0
1 6863 6600 68 1 -1 0 0 63 5505 -1 -1 -1 0
0 6863 6600 -1 -1 -1 0 1 63 5505 5000 1 1 0
1 6863 6700 63 1 0 0 0 63 5505 -1 -1 -1 0
0 6863 6700 -1 -1 -1 0 1 127 5505 7500 1 -1 0
1 6863 6700 5000 1 -1 0 0 127 5505 -1 -1 -1 0
0 6863 6700 -1 -1 -1 0 1 127 5505 6250 1 1 0
1 6863 6700 2500 1 -1 0 0 127 5505 -1 -1 -1 0
0 6863 6700 -1 -1 -1 0 1 127 5505 6875 1 -1 0
1 6863 6700 1250 1 -1 0 0 127 5505 -1 -1 -1 0
0 6863 6700 -1 -1 -1 0 1 127 5505 6562 1 1 0
1 6863 6700 625 1 -1 0 0 127 5505 -1 -1 -1 0
0 6863 6700 -1 -1 -1 0 1 127 5505 6718 1 1 0
1 6863 6700 312 1 -1 0 0 127 5505 -1 -1 -1 0
0 6863 6700 -1 -1 -1 0 1 127 5505 6796 1 1 0
1 6863 6700 156 1 -1 0 0 127 5505 -1 -1 -1 0
0 6863 6700 -1 -1 -1 0 1 127 5505 6835 1 1 0
1 6863 6700 78 1 1 0 0 127 5505 -1 -1 -1 0
0 6863 6700 -1 -1 -1 0 1 127 5505 6855 1 1 0
1 6863 6700 117 1 1 0 0 127 5505 -1 -1 -1 0
0 6863 6700 -1 -1 -1 0 1 127 5505 6865 1 -1 0
1 6863 6700 136 1 -1 0 0 127 5505 -1 -1 -1 0
0 6863 6700 -1 -1 -1 0 1 127 5505 6860 1 1 0
1 6863 6700 126 1 1 0 0 127 5505 -1 -1 -1 0
0 6863 6700 -1 -1 -1 0 1 127 5505 6862 1 1 0
1 6863 6700 131 1 -1 0 0 127 5505 -1 -1 -1 0
0 6863 6700 -1 -1 -1 0 1 127 5605 6863 1 0 0
1 9171 6700 128 1 -1 0 0 127 5605 -1 -1 -1 0
0 9171 6700 -1 -1 -1 0 1 127 5605 5000 1 1 0
1 9171 6800 127 1 0 0 0 127 5605 -1 -1 -1 0
0 9171 6800 -1 -1 -1 0 1 255 5605 7500 1 1 0
1 9171 6800 5000 1 -1 0 0 255 5605 -1 -1 -1 0
0 9171 6800 -1 -1 -1 0 1 255 5605 8750 1 1 0
1 9171 6800 2500 1 -1 0 0 255 5605 -1 -1 -1 0
0 9171 6800 -1 -1 -1 0 1 255 5605 9375 1 -1 0
1 9171 6800 1250 1 -1 0 0 255 5605 -1 -1 -1 0
0 9171 6800 -1 -1 -1 0 1 255 5605 9062 1 1 0
1 9171 6800 625 1 -1 0 0 255 5605 -1 -1 -1 0
0 9171 6800 -1 -1 -1 0 1 255 5605 9218 1 -1 0
1 9171 6800 312 1 -1 0 0 255 5605 -1 -1 -1 0
0 9171 6800 -1 -1 -1 0 1 255 5605 9140 1 1 0
1 9171 6800 156 1 1 0 0 255 5605 -1 -1 -1 0
0 9171 6800 -1 -1 -1 0 1 255 5605 9179 1 -1 0
1 9171 6800 234 1 1 0 0 255 5605 -1 -1 -1 0
0 9171 6800 -1 -1 -1 0 1 255 5605 9159 1 1 0
1 9171 6800 273 1 -1 0 0 255 5605 -1 -1 -1 0
0 9171 6800 -1 -1 -1 0 1 255 5605 9169 1 1 0
1 9171 6800 253 1 1 0 0 255 5605 -1 -1 -1 0
0 9171 6800 -1 -1 -1 0 1 255 5605 9174 1 -1 0
1 9171 6800 263 1 -1 0 0 255 5605 -1 -1 -1 0
0 9171 6800 -1 -1 -1 0 1 255 5705 9171 1 0 0
1 6997 6800 258 1 -1 0 0 255 5705 -1 -1 -1 0
0 6997 6800 -1 -1 -1 0 1 255 5705 5000 1 1 0
1 6997 6900 255 1 0 0 0 255 5705 -1 -1 -1 0
0 6997 6900 -1 -1 -1 0 1 511 5705 7500 1 -1 0
1 6997 6900 5000 1 -1 0 0 511 5705 -1 -1 -1 0
0 6997 6900 -1 -1 -1 0 1 511 5705 6250 1 1 0
1 6997 6900 2500 1 -1 0 0 511 5705 -1 -1 -1 0
0 6997 6900 -1 -1 -1 0 1 511 5705 6875 1 1 0
1 6997 6900 1250 1 -1 0 0 511 5705 -1 -1 -1 0
0 6997 6900 -1 -1 -1 0 1 511 5705 7187 1 -1 0
1 6997 6900 625 1 -1 0 0 511 5705 -1 -1 -1 0
0 6997 6900 -1 -1 -1 0 1 511 5705 7031 1 -1 0
1 6997 6900 312 1 1 0 0 511 5705 -1 -1 -1 0
0 6997 6900 -1 -1 -1 0 1 511 5705 6953 1 1 0
1 6997 6900 468 1 1 0 0 511 5705 -1 -1 -1 0
0 6997 6900 -1 -1 -1 0 1 511 5705 6992 1 1 0
1 6997 6900 546 1 -1 0 0 511 5705 -1 -1 -1 0
0 6997 6900 -1 -1 -1 0 1 511 5705 7011 1 -1 0
1 6997 6900 507 1 1 0 0 511 5705 -1 -1 -1 0
0 6997 6900 -1 -1 -1 0 1 511 5705 7001 1 -1 0
1 6997 6900 526 1 -1 0 0 511 5705 -1 -1 -1 0
0 6997 6900 -1 -1 -1 0 1 511 5705 6996 1 1 0
1 6997 6900 516 1 -1 0 0 511 5705 -1 -1 -1 0
0 6997 6900 -1 -1 -1 0 1 511 5705 6998 1 -1 0
1 6997 7000 511 1 0 0 0 511 5705 -1 -1 -1 0
0 6997 7000 -1 -1 -1 0 1 1023 5805 6997 1 0 0
1 7282 7000 5000 1 -1 0 0 1023 5805 -1 -1 -1 0
0 7282 7000 -1 -1 -1 0 1 1023 5805 5000 1 1 0
1 7282 7000 2500 1 -1 0 0 1023 5805 -1 -1 -1 0
0 7282 7000 -1 -1 -1 0 1 1023 5805 7500 1 -1 0
1 7282 7000 1250 1 -1 0 0 1023 5805 -1 -1 -1 0
0 7282 7000 -1 -1 -1 0 1 1023 5805 6250 1 1 0
1 7282 7000 625 1 1 0 0 1023 5805 -1 -1 -1 0
0 7282 7000 -1 -1 -1 0 1 1023 5805 6875 1 1 0
1 7282 7000 937 1 1 0 0 1023 5805 -1 -1 -1 0
0 7282 7000 -1 -1 -1 0 1 1023 5805 7187 1 1 0
1 7282 7000 1093 1 -1 0 0 1023 5805 -1 -1 -1 0
0 7282 7000 -1 -1 -1 0 1 1023 5805 7343 1 -1 0
1 7282 7000 1015 1 1 0 0 1023 5805 -1 -1 -1 0
0 7282 7000 -1 -1 -1 0 1 1023 5805 7265 1 1 0
1 7282 7000 1054 1 -1 0 0 1023 5805 -1 -1 -1 0
0 7282 7000 -1 -1 -1 0 1 1023 5805 7304 1 -1 0
1 7282 7000 1034 1 -1 0 0 1023 5805 -1 -1 -1 0
0 7282 7000 -1 -1 -1 0 1 1023 5805 7284 1 -1 0
1 7282 7000 1024 1 -1 0 0 1023 5805 -1 -1 -1 0
0 7282 7000 -1 -1 -1 0 1 1023 5805 7274 1 1 0
1 7282 7000 1019 1 1 0 0 1023 5805 -1 -1 -1 0
0 7282 7000 -1 -1 -1 0 1 1023 5805 7279 1 1 0
1 7282 7000 1021 1 1 0 0 1023 5805 -1 -1 -1 0
0 7282 7000 -1 -1 -1 0 1 1023 5805 7281 1 1 0
1 7282 7000 1022 1 1 0 0 1023 5805 -1 -1 -1 0
0 7282 7000 -1 -1 -1 0 1 1023 5905 7282 1 0 0
1 2306 7100 1023 1 0 0 0 1023 5905 -1 -1 -1 0
0 2306 7100 -1 -1 -1 0 1 2047 5905 5000 1 -1 0
1 2306 7100 5000 1 -1 0 0 2047 5905 -1 -1 -1 0
0 2306 7100 -1 -1 -1 0 1 2047 5905 2500 1 -1 0
1 2306 7100 2500 1 -1 0 0 2047 5905 -1 -1 -1 0
0 2306 7100 -1 -1 -1 0 1 2047 5905 1250 1 1 0
1 2306 7100 1250 1 1 0 0 2047 5905 -1 -1 -1 0
0 2306 7100 -1 -1 -1 0 1 2047 5905 1875 1 1 0
1 2306 7100 1875 1 1 0 0 2047 5905 -1 -1 -1 0
0 2306 7100 -1 -1 -1 0 1 2047 5905 2187 1 1 0
1 2306 7100 2187 1 -1 0 0 2047 5905 -1 -1 -1 0
0 2306 7100 -1 -1 -1 0 1 2047 5905 2343 1 -1 0
1 2306 7100 2031 1 1 0 0 2047 5905 -1 -1 -1 0
0 2306 7100 -1 -1 -1 0 1 2047 5905 2265 1 1 0
1 2306 7100 2109 1 -1 0 0 2047 5905 -1 -1 -1 0
0 2306 7100 -1 -1 -1 0 1 2047 5905 2304 1 1 0
1 2306 7100 2070 1 -1 0 0 2047 5905 -1 -1 -1 0
0 2306 7100 -1 -1 -1 0 1 2047 5905 2323 1 -1 0
1 2306 7100 2050 1 -1 0 0 2047 5905 -1 -1 -1 0
0 2306 7100 -1 -1 -1 0 1 2047 5905 2313 1 -1 0
1 2306 7100 2040 1 1 0 0 2047 5905 -1 -1 -1 0
0 2306 7100 -1 -1 -1 0 1 2047 5905 2308 1 -1 0
1 2306 7100 2045 1 1 0 0 2047 5905 -1 -1 -1 0
0 2306 7100 -1 -1 -1 0 1 2047 6005 2306 1 0 0
1 926 7200 2047 1 0 0 0 2047 6005 -1 -1 -1 0
0 926 7200 -1 -1 -1 0 1 4095 6005 5000 1 -1 0
1 926 7200 5000 1 -1 0 0 4095 6005 -1 -1 -1 0
0 926 7200 -1 -1 -1 0 1 4095 6005 2500 1 -1 0
1 926 7200 2500 1 1 0 0 4095 6005 -1 -1 -1 0
0 926 7200 -1 -1 -1 0 1 4095 6005 1250 1 -1 0
1 926 7200 3750 1 1 0 0 4095 6005 -1 -1 -1 0
0 926 7200 -1 -1 -1 0 1 4095 6005 625 1 1 0
1 926 7200 4375 1 -1 0 0 4095 6005 -1 -1 -1 0
0 926 7200 -1 -1 -1 0 1 4095 6005 937 1 -1 0
1 926 7200 4062 1 1 0 0 4095 6005 -1 -1 -1 0
0 926 7200 -1 -1 -1 0 1 4095 6005 781 1 1 0
1 926 7200 4218 1 -1 0 0 4095 6005 -1 -1 -1 0
0 926 7200 -1 -1 -1 0 1 4095 6005 859 1 1 0
1 926 7200 4140 1 -1 0 0 4095 6005 -1 -1 -1 0
0 926 7200 -1 -1 -1 0 1 4095 6005 898 1 1 0
1 926 7200 4101 1 -1 0 0 4095 6005 -1 -1 -1 0
0 926 7200 -1 -1 -1 0 1 4095 6005 917 1 1 0
1 926 7200 4081 1 1 0 0 4095 6005 -1 -1 -1 0
0 926 7200 -1 -1 -1 0 1 4095 6005 927 1 -1 0
1 926 7200 4091 1 1 0 0 4095 6005 -1 -1 -1 0
0 926 7200 -1 -1 -1 0 1 4095 6005 922 1 1 0
1 926 7200 4096 1 -1 0 0 4095 6005 -1 -1 -1 0
0 926 7200 -1 -1 -1 0 1 4095 6005 924 1 1 0
1 926 7200 4093 1 1 0 0 4095 6005 -1 -1 -1 0
0 926 7200 -1 -1 -1 0 1 4095 6005 925 1 1 0
1 926 7200 4094 1 1 0 0 4095 6005 -1 -1 -1 0
0 926 7200 -1 -1 -1 0 1 4095 6105 926 1 0 0
1 7085 7300 4095 1 0 0 0 4095 6105 -1 -1 -1 0
0 7085 7300 -1 -1 -1 0 1 8191 6105 5000 1 1 0
1 7085 7300 5000 1 1 0 0 8191 6105 -1 -1 -1 0
0 7085 7300 -1 -1 -1 0 1 8191 6105 7500 1 -1 0
1 7085 7300 7500 1 1 0 0 8191 6105 -1 -1 -1 0
0 7085 7300 -1 -1 -1 0 1 8191 6105 6250 1 1 0
1 7085 7300 8750 1 -1 0 0 8191 6105 -1 -1 -1 0
0 7085 7300 -1 -1 -1 0 1 8191 6105 6875 1 1 0
1 7085 7300 8125 1 1 0 0 8191 6105 -1 -1 -1 0
0 7085 7300 -1 -1 -1 0 1 8191 6105 7187 1 -1 0
1 7085 7300 8437 1 -1 0 0 8191 6105 -1 -1 -1 0
0 7085 7300 -1 -1 -1 0 1 8191 6105 7031 1 1 0
1 7085 7300 8281 1 -1 0 0 8191 6105 -1 -1 -1 0
0 7085 7300 -1 -1 -1 0 1 8191 6105 7109 1 -1 0
1 7085 7300 8203 1 -1 0 0 8191 6105 -1 -1 -1 0
0 7085 7300 -1 -1 -1 0 1 8191 6105 7070 1 1 0
1 7085 7300 8164 1 1 0 0 8191 6105 -1 -1 -1 0
0 7085 7300 -1 -1 -1 0 1 8191 6105 7089 1 -1 0
1 7085 7300 8183 1 1 0 0 8191 6105 -1 -1 -1 0
0 7085 7300 -1 -1 -1 0 1 8191 6105 7079 1 1 0
1 7085 7300 8193 1 -1 0 0 8191 6105 -1 -1 -1 0
0 7085 7300 -1 -1 -1 0 1 8191 6105 7084 1 1 0
1 7085 7300 8188 1 1 0 0 8191 6105 -1 -1 -1 0
0 7085 7300 -1 -1 -1 0 1 8191 6105 7086 1 -1 0
1 7085 7300 8190 1 1 0 0 8191 6105 -1 -1 -1 0
0 7085 7300 -1 -1 -1 0 1 8191 6205 7085 1 0 0
1 6328 7400 8191 1 0 0 0 8191 6205 -1 -1 -1 0
0 6328 7400 -1 -1 -1 0 1 10000 6205 5000 1 1 0
1 6328 7400 5000 1 1 0 0 10000 6205 -1 -1 -1 0
0 6328 7400 -1 -1 -1 0 1 10000 6205 7500 1 -1 0
1 6328 7400 7500 1 1 0 0 10000 6205 -1 -1 -1 0
0 6328 7400 -1 -1 -1 0 1 10000 6205 6250 1 1 0
1 6328 7400 8750 1 1 0 0 10000 6205 -1 -1 -1 0
0 6328 7400 -1 -1 -1 0 1 10000 6205 6875 1 -1 0
1 6328 7400 9375 1 1 0 0 10000 6205 -1 -1 -1 0
0 6328 7400 -1 -1 -1 0 1 10000 6205 6562 1 -1 0
1 6328 7400 9688 1 1 0 0 10000 6205 -1 -1 -1 0
0 6328 7400 -1 -1 -1 0 1 10000 6205 6406 1 -1 0
1 6328 7400 9844 1 1 0 0 10000 6205 -1 -1 -1 0
0 6328 7400 -1 -1 -1 0 1 10000 6305 6328 1 0 0
1 337 7400 9922 1 1 0 0 10000 6305 -1 -1 -1 0
0 337 7400 -1 -1 -1 0 1 10000 6305 5000 1 -1 0
1 337 7400 9961 1 1 0 0 10000 6305 -1 -1 -1 0
0 337 7400 -1 -1 -1 0 1 10000 6305 2500 1 -1 0
1 337 7400 9981 1 1 0 0 10000 6305 -1 -1 -1 0
0 337 7400 -1 -1 -1 0 1 10000 6305 1250 1 -1 0
1 337 7400 9991 1 1 0 0 10000 6305 -1 -1 -1 0
0 337 7400 -1 -1 -1 0 1 10000 6305 625 1 -1 0
1 337 7400 9996 1 1 0 0 10000 6305 -1 -1 -1 0
0 337 7400 -1 -1 -1 0 1 10000 6305 312 1 1 0
1 337 7400 9998 1 1 0 0 10000 6305 -1 -1 -1 0
0 337 7400 -1 -1 -1 0 1 10000 6305 468 1 -1 0
1 337 7400 9999 1 1 0 0 10000 6305 -1 -1 -1 0
0 337 7400 -1 -1 -1 0 1 10000 6305 390 1 -1 0
1 337 7500 10000 1 0 0 0 10000 6305 -1 -1 -1 0
0 337 7500 -1 -1 -1 0 1 1 6305 351 1 -1 0
1 337 7500 5000 1 -1 0 0 1 6305 -1 -1 -1 0
0 337 7500 -1 -1 -1 0 1 1 6305 331 1 1 0
1 337 7500 2500 1 -1 0 0 1 6305 -1 -1 -1 0
0 337 7500 -1 -1 -1 0 1 1 6305 341 1 -1 0
1 337 7500 1250 1 -1 0 0 1 6305 -1 -1 -1 0
0 337 7500 -1 -1 -1 0 1 1 6305 336 1 1 0
1 337 7500 625 1 -1 0 0 1 6305 -1 -1 -1 0
0 337 7500 -1 -1 -1 0 1 1 6305 338 1 -1 0
1 337 7500 312 1 -1 0 0 1 6305 -1 -1 -1 0
0 337 7500 -1 -1 -1 0 1 1 6405 337 1 0 0
1 6506 7500 156 1 -1 0 0 1 6405 -1 -1 -1 0
0 6506 7500 -1 -1 -1 0 1 1 6405 5000 1 1 0
1 6506 7500 78 1 -1 0 0 1 6405 -1 -1 -1 0
0 6506 7500 -1 -1 -1 0 1 1 6405 7500 1 -1 0
1 6506 7500 39 1 -1 0 0 1 6405 -1 -1 -1 0
0 6506 7500 -1 -1 -1 0 1 1 6405 6250 1 1 0
1 6506 7500 19 1 -1 0 0 1 6405 -1 -1 -1 0
0 6506 7500 -1 -1 -1 0 1 1 6405 6875 1 -1 0
1 6506 7500 9 1 -1 0 0 1 6405 -1 -1 -1 0
0 6506 7500 -1 -1 -1 0 1 1 6405 6562 1 -1 0
1 6506 7500 4 1 -1 0 0 1 6405 -1 -1 -1 0
0 6506 7500 -1 -1 -1 0 1 1 6405 6406 1 1 0
1 6506 7500 2 1 -1 0 0 1 6405 -1 -1 -1 0
0 6506 7500 -1 -1 -1 0 1 1 6405 6484 1 1 0
1 6506 7600 1 1 0 0 0 1 6405 -1 -1 -1 0
0 6506 7600 -1 -1 -1 0 1 3 6405 6523 1 -1 0
1 6506 7600 5000 1 -1 0 0 3 6405 -1 -1 -1 0
0 6506 7600 -1 -1 -1 0 1 3 6405 6503 1 1 0
1 6506 7600 2500 1 -1 0 0 3 6405 -1 -1 -1 0
0 6506 7600 -1 -1 -1 0 1 3 6405 6513 1 -1 0
1 6506 7600 1250 1 -1 0 0 3 6405 -1 -1 -1 0
0 6506 7600 -1 -1 -1 0 1 3 6405 6508 1 -1 0
1 6506 7600 625 1 -1 0 0 3 6405 -1 -1 -1 0
0 6506 7600 -1 -1 -1 0 1 3 6405 6505 1 1 0
1 6506 7600 312 1 -1 0 0 3 6405 -1 -1 -1 0
0 6506 7600 -1 -1 -1 0 1 3 6505 6506 1 0 0
1 847 7600 156 1 -1 0 0 3 6505 -1 -1 -1 0
0 847 7600 -1 -1 -1 0 1 3 6505 5000 1 -1 0
1 847 7600 78 1 -1 0 0 3 6505 -1 -1 -1 0
0 847 7600 -1 -1 -1 0 1 3 6505 2500 1 -1 0
1 847 7600 39 1 -1 0 0 3 6505 -1 -1 -1 0
0 847 7600 -1 -1 -1 0 1 3 6505 1250 1 -1 0
1 847 7600 19 1 -1 0 0 3 6505 -1 -1 -1 0
0 847 7600 -1 -1 -1 0 1 3 6505 625 1 1 0
1 847 7600 9 1 -1 0 0 3 6505 -1 -1 -1 0
0 847 7600 -1 -1 -1 0 1 3 6505 937 1 -1 0
1 847 7600 4 1 -1 0 0 3 6505 -1 -1 -1 0
0 847 7600 -1 -1 -1 0 1 3 6505 781 1 1 0
1 847 7600 2 1 1 0 0 3 6505 -1 -1 -1 0
0 847 7600 -1 -1 -1 0 1 3 6505 859 1 -1 0
1 847 7700 3 1 0 0 0 3 6505 -1 -1 -1 0
0 847 7700 -1 -1 -1 0 1 7 6505 820 1 1 0
1 847 7700 5000 1 -1 0 0 7 6505 -1 -1 -1 0
0 847 7700 -1 -1 -1 0 1 7 6505 839 1 1 0
1 847 7700 2500 1 -1 0 0 7 6505 -1 -1 -1 0
0 847 7700 -1 -1 -1 0 1 7 6505 849 1 -1 0
1 847 7700 1250 1 -1 0 0 7 6505 -1 -1 -1 0
0 847 7700 -1 -1 -1 0 1 7 6505 844 1 1 0
1 847 7700 625 1 -1 0 0 7 6505 -1 -1 -1 0
0 847 7700 -1 -1 -1 0 1 7 6505 846 1 1 0
1 847 7700 312 1 -1 0 0 7 6505 -1 -1 -1 0
0 847 7700 -1 -1 -1 0 1 7 6605 847 1 0 0
1 1730 7700 156 1 -1 0 0 7 6605 -1 -1 -1 0
0 1730 7700 -1 -1 -1 0 1 7 6605 5000 1 -1 0
1 1730 7700 78 1 -1 0 0 7 6605 -1 -1 -1 0
0 1730 7700 -1 -1 -1 0 1 7 6605 2500 1 -1 0
1 1730 7700 39 1 -1 0 0 7 6605 -1 -1 -1 0
0 1730 7700 -1 -1 -1 0 1 7 6605 1250 1 1 0
1 1730 7700 19 1 -1 0 0 7 6605 -1 -1 -1 0
0 1730 7700 -1 -1 -1 0 1 7 6605 1875 1 -1 0
1 1730 7700 9 1 -1 0 0 7 6605 -1 -1 -1 0
0 1730 7700 -1 -1 -1 0 1 7 6605 1562 1 1 0
1 1730 7700 4 1 1 0 0 7 6605 -1 -1 -1 0
0 1730 7700 -1 -1 -1 0 1 7 6605 1718 1 1 0
1 1730 7700 6 1 1 0 0 7 6605 -1 -1 -1 0
0 1730 7700 -1 -1 -1 0 1 7 6605 1796 1 -1 0
1 1730 7800 7 1 0 0 0 7 6605 -1 -1 -1 0
0 1730 7800 -1 -1 -1 0 1 15 6605 1757 1 -1 0
1 1730 7800 5000 1 -1 0 0 15 6605 -1 -1 -1 0
0 1730 7800 -1 -1 -1 0 1 15 6605 1737 1 -1 0
1 1730 7800 2500 1 -1 0 0 15 6605 -1 -1 -1 0
0 1730 7800 -1 -1 -1 0 1 15 6605 1727 1 1 0
1 1730 7800 1250 1 -1 0 0 15 6605 -1 -1 -1 0
0 1730 7800 -1 -1 -1 0 1 15 6605 1732 1 -1 0
1 1730 7800 625 1 -1 0 0 15 6605 -1 -1 -1 0
0 1730 7800 -1 -1 -1 0 1 15 6605 1729 1 1 0
1 1730 7800 312 1 -1 0 0 15 6605 -1 -1 -1 0
0 1730 7800 -1 -1 -1 0 1 15 6705 1730 1 0 0
1 1314 7800 156 1 -1 0 0 15 6705 -1 -1 -1 0
0 1314 7800 -1 -1 -1 0 1 15 6705 5000 1 -1 0
1 1314 7800 78 1 -1 0 0 15 6705 -1 -1 -1 0
0 1314 7800 -1 -1 -1 0 1 15 6705 2500 1 -1 0
1 1314 7800 39 1 -1 0 0 15 6705 -1 -1 -1 0
0 1314 7800 -1 -1 -1 0 1 15 6705 1250 1 1 0
1 1314 7800 19 1 -1 0 0 15 6705 -1 -1 -1 0
0 1314 7800 -1 -1 -1 0 1 15 6705 1875 1 -1 0
1 1314 7800 9 1 1 0 0 15 6705 -1 -1 -1 0
0 1314 7800 -1 -1 -1 0 1 15 6705 1562 1 -1 0
1 1314 7800 14 1 1 0 0 15 6705 -1 -1 -1 0
0 1314 7800 -1 -1 -1 0 1 15 6705 1406 1 -1 0
1 1314 7800 16 1 -1 0 0 15 6705 -1 -1 -1 0
0 1314 7800 -1 -1 -1 0 1 15 6705 1328 1 -1 0
1 1314 7900 15 1 0 0 0 15 6705 -1 -1 -1 0
0 1314 7900 -1 -1 -1 0 1 31 6705 1289 1 1 0
1 1314 7900 5000 1 -1 0 0 31 6705 -1 -1 -1 0
0 1314 7900 -1 -1 -1 0 1 31 6705 1308 1 1 0
1 1314 7900 2500 1 -1 0 0 31 6705 -1 -1 -1 0
0 1314 7900 -1 -1 -1 0 1 31 6705 1318 1 -1 0
1 1314 7900 1250 1 -1 0 0 31 6705 -1 -1 -1 0
0 1314 7900 -1 -1 -1 0 1 31 6705 1313 1 1 0
1 1314 7900 625 1 -1 0 0 31 6705 -1 -1 -1 0
0 1314 7900 -1 -1 -1 0 1 31 6705 1315 1 -1 0
1 1314 7900 312 1 -1 0 0 31 6705 -1 -1 -1 0
0 1314 7900 -1 -1 -1 0 1 31 6805 1314 1 0 0
1 5858 7900 156 1 -1 0 0 31 6805 -1 -1 -1 0
0 5858 7900 -1 -1 -1 0 1 31 6805 5000 1 1 0
1 5858 7900 78 1 -1 0 0 31 6805 -1 -1 -1 0
0 5858 7900 -1 -1 -1 0 1 31 6805 7500 1 -1 0
1 5858 7900 39 1 -1 0 0 31 6805 -1 -1 -1 0
0 5858 7900 -1 -1 -1 0 1 31 6805 6250 1 -1 0
1 5858 7900 19 1 1 0 0 31 6805 -1 -1 -1 0
0 5858 7900 -1 -1 -1 0 1 31 6805 5625 1 1 0
1 5858 7900 29 1 1 0 0 31 6805 -1 -1 -1 0
0 5858 7900 -1 -1 -1 0 1 31 6805 5937 1 -1 0
1 5858 7900 34 1 -1 0 0 31 6805 -1 -1 -1 0
0 5858 7900 -1 -1 -1 0 1 31 6805 5781 1 1 0
1 5858 8000 31 1 0 0 0 31 6805 -1 -1 -1 0
0 5858 8000 -1 -1 -1 0 1 63 6805 5859 1 -1 0
1 5858 8000 5000 1 -1 0 0 63 6805 -1 -1 -1 0
0 5858 8000 -1 -1 -1 0 1 63 6805 5820 1 1 0
1 5858 8000 2500 1 -1 0 0 63 6805 -1 -1 -1 0
0 5858 8000 -1 -1 -1 0 1 63 6805 5839 1 1 0
1 5858 8000 1250 1 -1 0 0 63 6805 -1 -1 -1 0
0 5858 8000 -1 -1 -1 0 1 63 6805 5849 1 1 0
1 5858 8000 625 1 -1 0 0 63 6805 -1 -1 -1 0
0 5858 8000 -1 -1 -1 0 1 63 6805 5854 1 1 0
1 5858 8000 312 1 -1 0 0 63 6805 -1 -1 -1 0
0 5858 8000 -1 -1 -1 0 1 63 6805 5856 1 1 0
1 5858 8000 156 1 -1 0 0 63 6805 -1 -1 -1 0
0 5858 8000 -1 -1 -1 0 1 63 6805 5857 1 1 0
1 5858 8000 78 1 -1 0 0 63 6805 -1 -1 -1 0
0 5858 8000 -1 -1 -1 0 1 63 6905 5858 1 0 0
1 6125 8000 39 1 1 0 0 63 6905 -1 -1 -1 0
0 6125 8000 -1 -1 -1 0 1 63 6905 5000 1 1 0
1 6125 8000 58 1 1 0 0 63 6905 -1 -1 -1 0
0 6125 8000 -1 -1 -1 0 1 63 6905 7500 1 -1 0
1 6125 8000 68 1 -1 0 0 63 6905 -1 -1 -1 0
0 6125 8000 -1 -1 -1 0 1 63 6905 6250 1 -1 0
1 6125 8100 63 1 0 0 0 63 6905 -1 -1 -1 0
0 6125 8100 -1 -1 -1 0 1 127 6905 5625 1 1 0
1 6125 8100 5000 1 -1 0 0 127 6905 -1 -1 -1 0
0 6125 8100 -1 -1 -1 0 1 127 6905 5937 1 1 0
1 6125 8100 2500 1 -1 0 0 127 6905 -1 -1 -1 0
0 6125 8100 -1 -1 -1 0 1 127 6905 6093 1 1 0
1 6125 8100 1250 1 -1 0 0 127 6905 -1 -1 -1 0
0 6125 8100 -1 -1 -1 0 1 127 6905 6171 1 -1 0
1 6125 8100 625 1 -1 0 0 127 6905 -1 -1 -1 0
0 6125 8100 -1 -1 -1 0 1 127 6905 6132 1 -1 0
1 6125 8100 312 1 -1 0 0 127 6905 -1 -1 -1 0
0 6125 8100 -1 -1 -1 0 1 127 6905 6112 1 1 0
1 6125 8100 156 1 -1 0 0 127 6905 -1 -1 -1 0
0 6125 8100 -1 -1 -1 0 1 127 6905 6122 1 1 0
1 6125 8100 78 1 1 0 0 127 6905 -1 -1 -1 0
0 6125 8100 -1 -1 -1 0 1 127 6905 6127 1 -1 0
1 6125 8100 117 1 1 0 0 127 6905 -1 -1 -1 0
0 6125 8100 -1 -1 -1 0 1 127 6905 6124 1 1 0
1 6125 8100 136 1 -1 0 0 127 6905 -1 -1 -1 0
0 6125 8100 -1 -1 -1 0 1 127 7005 6125 1 0 0
1 3896 8100 126 1 1 0 0 127 7005 -1 -1 -1 0
0 3896 8100 -1 -1 -1 0 1 127 7005 5000 1 -1 0
1 3896 8100 131 1 -1 0 0 127 7005 -1 -1 -1 0
0 3896 8100 -1 -1 -1 0 1 127 7005 2500 1 1 0
1 3896 8100 128 1 -1 0 0 127 7005 -1 -1 -1 0
0 3896 8100 -1 -1 -1 0 1 127 7005 3750 1 1 0
1 3896 8200 127 1 0 0 0 127 7005 -1 -1 -1 0
0 3896 8200 -1 -1 -1 0 1 255 7005 4375 1 -1 0
1 3896 8200 5000 1 -1 0 0 255 7005 -1 -1 -1 0
0 3896 8200 -1 -1 -1 0 1 255 7005 4062 1 -1 0
1 3896 8200 2500 1 -1 0 0 255 7005 -1 -1 -1 0
0 3896 8200 -1 -1 -1 0 1 255 7005 3906 1 -1 0
1 3896 8200 1250 1 -1 0 0 255 7005 -1 -1 -1 0
0 3896 8200 -1 -1 -1 0 1 255 7005 3828 1 1 0
1 3896 8200 625 1 -1 0 0 255 7005 -1 -1 -1 0
0 3896 8200 -1 -1 -1 0 1 255 7005 3867 1 1 0
1 3896 8200 312 1 -1 0 0 255 7005 -1 -1 -1 0
0 3896 8200 -1 -1 -1 0 1 255 7005 3886 1 1 0
1 3896 8200 156 1 1 0 0 255 7005 -1 -1 -1 0
0 3896 8200 -1 -1 -1 0 1 255 7105 3896 1 0 0
1 9583 8200 234 1 1 0 0 255 7105 -1 -1 -1 0
0 9583 8200 -1 -1 -1 0 1 255 7105 5000 1 1 0
1 9583 8200 273 1 -1 0 0 255 7105 -1 -1 -1 0
0 9583 8200 -1 -1 -1 0 1 255 7105 7500 1 1 0
1 9583 8200 253 1 1 0 0 255 7105 -1 -1 -1 0
0 9583 8200 -1 -1 -1 0 1 255 7105 8750 1 1 0
1 9583 8200 263 1 -1 0 0 255 7105 -1 -1 -1 0
0 9583 8200 -1 -1 -1 0 1 255 7105 9375 1 1 0
