63 46
1 1 0 5000 1 1 0 0 9384 0 -1 -1 -1 0
0 1 0 -1 -1 -1 0 1 9384 0 5000 1 -1 0
1 1 0 7500 1 1 0 0 9384 0 -1 -1 -1 0
0 1 0 -1 -1 -1 0 1 9384 0 2500 1 -1 0
1 1 0 8750 1 1 0 0 9384 0 -1 -1 -1 0
0 1 0 -1 -1 -1 0 1 9384 0 1250 1 -1 0
1 1 0 9375 1 1 0 0 9384 0 -1 -1 -1 0
0 1 0 -1 -1 -1 0 1 9384 0 625 1 -1 0
1 1 0 9687 1 -1 0 0 9384 0 -1 -1 -1 0
0 1 0 -1 -1 -1 0 1 9384 0 312 1 -1 0
1 1 0 9531 1 -1 0 0 9384 0 -1 -1 -1 0
0 1 0 -1 -1 -1 0 1 9384 0 156 1 -1 0
1 1 0 9453 1 -1 0 0 9384 0 -1 -1 -1 0
0 1 0 -1 -1 -1 0 1 9384 0 78 1 -1 0
1 1 0 9414 1 -1 0 0 9384 0 -1 -1 -1 0
0 1 0 -1 -1 -1 0 1 9384 0 39 1 -1 0
1 1 0 9394 1 -1 0 0 9384 0 -1 -1 -1 0
0 1 0 -1 -1 -1 0 1 9384 0 19 1 -1 0
1 1 100 9384 1 0 0 0 9384 0 -1 -1 -1 0
0 1 100 -1 -1 -1 0 1 887 0 9 1 -1 0
1 1 100 5000 1 -1 0 0 887 0 -1 -1 -1 0
0 1 100 -1 -1 -1 0 1 887 0 4 1 -1 0
1 1 100 2500 1 -1 0 0 887 0 -1 -1 -1 0
0 1 100 -1 -1 -1 0 1 887 500 2 3 0 0
1 97 100 1250 1 -1 0 0 887 500 -1 -1 -1 0
0 97 100 -1 -1 -1 0 1 887 500 5000 1 -1 0
1 97 100 625 1 1 0 0 887 500 -1 -1 -1 0
0 97 100 -1 -1 -1 0 1 887 500 2500 1 -1 0
1 97 100 937 1 -1 0 0 887 500 -1 -1 -1 0
0 97 100 -1 -1 -1 0 1 887 500 1250 1 -1 0
1 97 100 781 1 1 0 0 887 500 -1 -1 -1 0
0 97 100 -1 -1 -1 0 1 887 500 625 1 -1 0
1 97 100 859 1 1 0 0 887 500 -1 -1 -1 0
0 97 100 -1 -1 -1 0 1 887 500 312 1 -1 0
1 97 100 898 1 -1 0 0 887 500 -1 -1 -1 0
0 97 100 -1 -1 -1 0 1 887 500 156 1 -1 0
1 97 100 878 1 1 0 0 887 500 -1 -1 -1 0
0 97 100 -1 -1 -1 0 1 887 500 78 1 1 0
1 97 100 888 1 -1 0 0 887 500 -1 -1 -1 0
0 97 100 -1 -1 -1 0 1 887 500 117 1 -1 0
1 97 100 883 1 1 0 0 887 500 -1 -1 -1 0
0 97 100 -1 -1 -1 0 1 887 600 97 1 0 0
1 10000 100 885 1 1 0 0 887 600 -1 -1 -1 0
0 10000 100 -1 -1 -1 0 1 887 600 5000 1 1 0
1 10000 100 886 1 1 0 0 887 600 -1 -1 -1 0
0 10000 100 -1 -1 -1 0 1 987 600 7500 1 1 0
1 10000 105 887 3 0 0 0 987 600 -1 -1 -1 0
0 10000 105 -1 -1 -1 0 1 2778 600 8750 1 1 0
1 10000 105 5000 1 -1 0 0 2778 600 -1 -1 -1 0
0 10000 105 -1 -1 -1 0 1 2778 600 9375 1 1 0
1 10000 105 2500 1 1 0 0 2778 600 -1 -1 -1 0
0 10000 105 -1 -1 -1 0 1 2778 600 9688 1 1 0
1 10000 105 3750 1 -1 0 0 2778 600 -1 -1 -1 0
0 10000 105 -1 -1 -1 0 1 2778 600 9844 1 1 0
1 10000 105 3125 1 -1 0 0 2778 600 -1 -1 -1 0
0 10000 105 -1 -1 -1 0 1 2778 600 9922 1 1 0
1 10000 105 2812 1 -1 0 0 2778 600 -1 -1 -1 0
0 10000 105 -1 -1 -1 0 1 2778 600 9961 1 1 0
1 10000 105 2656 1 1 0 0 2778 600 -1 -1 -1 0
0 10000 105 -1 -1 -1 0 1 2778 600 9981 1 1 0
1 10000 105 2734 1 1 0 0 2778 600 -1 -1 -1 0
0 10000 105 -1 -1 -1 0 1 2778 600 9991 1 1 0
1 10000 105 2773 1 1 0 0 2778 600 -1 -1 -1 0
0 10000 105 -1 -1 -1 0 1 2778 600 9996 1 1 0
1 10000 105 2792 1 -1 0 0 2778 600 -1 -1 -1 0
0 10000 105 -1 -1 -1 0 1 2778 600 9998 1 1 0
1 10000 105 2782 1 -1 0 0 2778 600 -1 -1 -1 0
0 10000 105 -1 -1 -1 0 1 2778 600 9999 1 1 0
1 10000 105 2777 1 1 0 0 2778 600 -1 -1 -1 0
0 10000 105 -1 -1 -1 0 1 2778 700 10000 1 0 0
1 1979 105 2779 1 -1 0 0 2778 700 -1 -1 -1 0
0 1979 105 -1 -1 -1 0 1 2878 700 5000 1 -1 0
1 1979 105 2778 1 1 0 0 2878 700 -1 -1 -1 0
0 1979 105 -1 -1 -1 0 1 2878 700 2500 1 -1 0
1 1979 105 2778 1 1 0 0 2878 700 -1 -1 -1 0
0 1979 105 -1 -1 -1 0 1 2878 700 1250 1 1 0
1 1979 105 2778 1 1 0 0 2878 700 -1 -1 -1 0
0 1979 105 -1 -1 -1 0 1 2878 700 1875 1 1 0
1 1979 105 2778 1 1 0 0 2878 700 -1 -1 -1 0
0 1979 105 -1 -1 -1 0 1 2878 700 2187 1 -1 0
1 1979 105 5000 1 -1 0 0 2878 700 -1 -1 -1 0
0 1979 105 -1 -1 -1 0 1 2878 700 2031 1 -1 0
1 1979 105 2500 1 1 0 0 2878 700 -1 -1 -1 0
0 1979 105 -1 -1 -1 0 1 2878 700 1953 1 1 0
1 1979 105 3750 1 -1 0 0 2878 700 -1 -1 -1 0
0 1979 105 -1 -1 -1 0 1 2878 700 1992 1 -1 0
1 1979 105 3125 1 -1 0 0 2878 700 -1 -1 -1 0
0 1979 105 -1 -1 -1 0 1 2878 700 1972 1 1 0
1 1979 105 2812 1 1 0 0 2878 700 -1 -1 -1 0
0 1979 105 -1 -1 -1 0 1 2878 700 1982 1 -1 0
1 1979 105 2968 1 -1 0 0 2878 700 -1 -1 -1 0
0 1979 105 -1 -1 -1 0 1 2878 700 1977 1 1 0
1 1979 105 2890 1 -1 0 0 2878 700 -1 -1 -1 0
0 1979 105 -1 -1 -1 0 1 2878 800 1979 1 0 0
1 97 105 2851 1 1 0 0 2878 800 -1 -1 -1 0
0 97 105 -1 -1 -1 0 1 2878 800 5000 1 -1 0
1 97 105 2870 1 1 0 0 2878 800 -1 -1 -1 0
0 97 105 -1 -1 -1 0 1 2878 800 2500 1 -1 0
1 97 105 2880 1 -1 0 0 2878 800 -1 -1 -1 0
0 97 105 -1 -1 -1 0 1 2878 800 1250 1 -1 0
1 97 105 2875 1 1 0 0 2878 800 -1 -1 -1 0
0 97 105 -1 -1 -1 0 1 2878 800 625 1 -1 0
1 97 105 2877 1 1 0 0 2878 800 -1 -1 -1 0
0 97 105 -1 -1 -1 0 1 2878 800 312 1 -1 0
1 97 205 2878 1 0 0 0 2878 800 -1 -1 -1 0
0 97 205 -1 -1 -1 0 1 6916 800 156 1 -1 0
1 97 205 5000 1 1 0 0 6916 800 -1 -1 -1 0
0 97 205 -1 -1 -1 0 1 6916 800 78 1 1 0
1 97 205 7500 1 -1 0 0 6916 800 -1 -1 -1 0
0 97 205 -1 -1 -1 0 1 6916 800 117 1 -1 0
1 97 205 6250 1 1 0 0 6916 800 -1 -1 -1 0
0 97 205 -1 -1 -1 0 1 6916 900 97 1 0 0
1 8989 205 6875 1 1 0 0 6916 900 -1 -1 -1 0
0 8989 205 -1 -1 -1 0 1 6916 900 5000 1 1 0
1 8989 205 7187 1 -1 0 0 6916 900 -1 -1 -1 0
0 8989 205 -1 -1 -1 0 1 6916 900 7500 1 1 0
1 8989 205 7031 1 -1 0 0 6916 900 -1 -1 -1 0
0 8989 205 -1 -1 -1 0 1 6916 900 8750 1 1 0
1 8989 205 6953 1 -1 0 0 6916 900 -1 -1 -1 0
0 8989 205 -1 -1 -1 0 1 6916 900 9375 1 -1 0
1 8989 205 6914 1 1 0 0 6916 900 -1 -1 -1 0
0 8989 205 -1 -1 -1 0 1 6916 900 9062 1 -1 0
1 8989 205 6933 1 -1 0 0 6916 900 -1 -1 -1 0
0 8989 205 -1 -1 -1 0 1 6916 900 8906 1 1 0
1 8989 205 6923 1 -1 0 0 6916 900 -1 -1 -1 0
0 8989 205 -1 -1 -1 0 1 6916 900 8984 1 1 0
1 8989 205 6918 1 -1 0 0 6916 900 -1 -1 -1 0
0 8989 205 -1 -1 -1 0 1 6816 900 9023 1 -1 0
1 8989 205 6916 1 -1 0 0 6816 900 -1 -1 -1 0
0 8989 205 -1 -1 -1 0 1 6816 900 9003 1 -1 0
1 8989 205 6915 1 -1 0 0 6816 900 -1 -1 -1 0
0 8989 205 -1 -1 -1 0 1 6816 900 8993 1 -1 0
1 8989 205 6914 1 -1 0 0 6816 900 -1 -1 -1 0
0 8989 205 -1 -1 -1 0 1 6816 900 8988 1 1 0
1 8989 205 6914 1 -1 0 0 6816 900 -1 -1 -1 0
0 8989 205 -1 -1 -1 0 1 6816 900 8990 1 -1 0
1 8989 205 6914 1 -1 0 0 6816 900 -1 -1 -1 0
0 8989 205 -1 -1 -1 0 1 6816 1000 8989 1 0 0
1 97 205 5000 1 1 0 0 6816 1000 -1 -1 -1 0
0 97 205 -1 -1 -1 0 1 6816 1000 5000 1 -1 0
1 97 205 7500 1 -1 0 0 6816 1000 -1 -1 -1 0
0 97 205 -1 -1 -1 0 1 6816 1000 2500 1 -1 0
1 97 205 6250 1 1 0 0 6816 1000 -1 -1 -1 0
0 97 205 -1 -1 -1 0 1 6816 1000 1250 1 -1 0
1 97 205 6875 1 -1 0 0 6816 1000 -1 -1 -1 0
0 97 205 -1 -1 -1 0 1 6816 1000 625 1 -1 0
1 97 205 6562 1 1 0 0 6816 1000 -1 -1 -1 0
0 97 205 -1 -1 -1 0 1 6816 1000 312 1 -1 0
1 97 205 6718 1 1 0 0 6816 1000 -1 -1 -1 0
0 97 205 -1 -1 -1 0 1 6816 1000 156 1 -1 0
1 97 205 6796 1 1 0 0 6816 1000 -1 -1 -1 0
0 97 205 -1 -1 -1 0 1 6816 1000 78 1 1 0
1 97 205 6835 1 -1 0 0 6816 1000 -1 -1 -1 0
0 97 205 -1 -1 -1 0 1 6816 1000 117 1 -1 0
1 97 205 6815 1 1 0 0 6816 1000 -1 -1 -1 0
0 97 205 -1 -1 -1 0 1 6816 1100 97 1 0 0
1 10000 205 6825 1 -1 0 0 6816 1100 -1 -1 -1 0
0 10000 205 -1 -1 -1 0 1 6816 1100 5000 1 1 0
1 10000 205 6820 1 -1 0 0 6816 1100 -1 -1 -1 0
0 10000 205 -1 -1 -1 0 1 6816 1100 7500 1 1 0
1 10000 205 6817 1 -1 0 0 6816 1100 -1 -1 -1 0
0 10000 205 -1 -1 -1 0 1 6816 1100 8750 1 1 0
1 10000 305 6816 1 0 0 0 6816 1100 -1 -1 -1 0
0 10000 305 -1 -1 -1 0 1 7794 1100 9375 1 1 0
1 10000 305 5000 1 1 0 0 7794 1100 -1 -1 -1 0
0 10000 305 -1 -1 -1 0 1 7794 1100 9688 1 1 0
1 10000 305 7500 1 1 0 0 7794 1100 -1 -1 -1 0
0 10000 305 -1 -1 -1 0 1 7794 1100 9844 1 1 0
1 10000 305 8750 1 -1 0 0 7794 1100 -1 -1 -1 0
0 10000 305 -1 -1 -1 0 1 7794 1100 9922 1 1 0
1 10000 305 8125 1 -1 0 0 7794 1100 -1 -1 -1 0
0 10000 305 -1 -1 -1 0 1 7794 1100 9961 1 1 0
1 10000 305 7812 1 -1 0 0 7794 1100 -1 -1 -1 0
0 10000 305 -1 -1 -1 0 1 7794 1100 9981 1 1 0
1 10000 305 7656 1 1 0 0 7794 1100 -1 -1 -1 0
0 10000 305 -1 -1 -1 0 1 7794 1100 9991 1 1 0
1 10000 305 7734 1 1 0 0 7794 1100 -1 -1 -1 0
0 10000 305 -1 -1 -1 0 1 7794 1100 9996 1 1 0
1 10000 305 7773 1 1 0 0 7794 1100 -1 -1 -1 0
0 10000 305 -1 -1 -1 0 1 7794 1100 9998 1 1 0
1 10000 305 7792 1 1 0 0 7794 1100 -1 -1 -1 0
0 10000 305 -1 -1 -1 0 1 7794 1100 9999 1 1 0
1 10000 305 7802 1 -1 0 0 7794 1100 -1 -1 -1 0
0 10000 305 -1 -1 -1 0 1 7794 1200 10000 1 0 0
1 1 305 7797 1 -1 0 0 7794 1200 -1 -1 -1 0
0 1 305 -1 -1 -1 0 1 7694 1200 5000 1 -1 0
1 1 305 7794 1 -1 0 0 7694 1200 -1 -1 -1 0
0 1 305 -1 -1 -1 0 1 7694 1200 2500 1 -1 0
1 1 305 7793 1 -1 0 0 7694 1200 -1 -1 -1 0
0 1 305 -1 -1 -1 0 1 7694 1200 1250 1 -1 0
1 1 305 7792 1 -1 0 0 7694 1200 -1 -1 -1 0
0 1 305 -1 -1 -1 0 1 7694 1200 625 1 -1 0
1 1 305 7792 1 -1 0 0 7694 1200 -1 -1 -1 0
0 1 305 -1 -1 -1 0 1 7694 1200 312 1 -1 0
1 1 305 7792 1 -1 0 0 7694 1200 -1 -1 -1 0
0 1 305 -1 -1 -1 0 1 7694 1200 156 1 -1 0
1 1 305 5000 1 1 0 0 7694 1200 -1 -1 -1 0
0 1 305 -1 -1 -1 0 1 7694 1200 78 1 -1 0
1 1 305 7500 1 1 0 0 7694 1200 -1 -1 -1 0
0 1 305 -1 -1 -1 0 1 7694 1200 39 1 -1 0
1 1 305 8750 1 -1 0 0 7694 1200 -1 -1 -1 0
0 1 305 -1 -1 -1 0 1 7694 1200 19 1 -1 0
1 1 305 8125 1 -1 0 0 7694 1200 -1 -1 -1 0
0 1 305 -1 -1 -1 0 1 7694 1200 9 1 -1 0
1 1 305 7812 1 -1 0 0 7694 1200 -1 -1 -1 0
0 1 305 -1 -1 -1 0 1 7694 1200 4 1 -1 0
1 1 305 7656 1 1 0 0 7694 1200 -1 -1 -1 0
0 1 305 -1 -1 -1 0 1 7694 1200 2 1 -1 0
1 1 305 7734 1 -1 0 0 7694 1200 -1 -1 -1 0
0 1 305 -1 -1 -1 0 1 7694 1300 1 1 0 0
1 1979 305 7695 1 -1 0 0 7694 1300 -1 -1 -1 0
0 1979 305 -1 -1 -1 0 1 7694 1300 5000 1 -1 0
1 1979 305 7675 1 1 0 0 7694 1300 -1 -1 -1 0
0 1979 305 -1 -1 -1 0 1 7694 1300 2500 1 -1 0
1 1979 305 7685 1 1 0 0 7694 1300 -1 -1 -1 0
0 1979 305 -1 -1 -1 0 1 7694 1300 1250 1 1 0
1 1979 305 7690 1 1 0 0 7694 1300 -1 -1 -1 0
0 1979 305 -1 -1 -1 0 1 7694 1300 1875 1 1 0
1 1979 305 7692 1 1 0 0 7694 1300 -1 -1 -1 0
0 1979 305 -1 -1 -1 0 1 7694 1300 2187 1 -1 0
1 1979 305 7693 1 1 0 0 7694 1300 -1 -1 -1 0
0 1979 305 -1 -1 -1 0 1 7694 1300 2031 1 -1 0
1 1979 405 7694 1 0 0 0 7694 1300 -1 -1 -1 0
0 1979 405 -1 -1 -1 0 1 8336 1300 1953 1 1 0
1 1979 405 5000 1 1 0 0 8336 1300 -1 -1 -1 0
0 1979 405 -1 -1 -1 0 1 8336 1300 1992 1 -1 0
1 1979 405 7500 1 1 0 0 8336 1300 -1 -1 -1 0
0 1979 405 -1 -1 -1 0 1 8336 1300 1972 1 1 0
1 1979 405 8750 1 -1 0 0 8336 1300 -1 -1 -1 0
0 1979 405 -1 -1 -1 0 1 8336 1300 1982 1 -1 0
1 1979 405 8125 1 1 0 0 8336 1300 -1 -1 -1 0
0 1979 405 -1 -1 -1 0 1 8336 1300 1977 1 1 0
1 1979 405 8437 1 -1 0 0 8336 1300 -1 -1 -1 0
0 1979 405 -1 -1 -1 0 1 8336 1400 1979 1 0 0
1 97 405 8281 1 1 0 0 8336 1400 -1 -1 -1 0
0 97 405 -1 -1 -1 0 1 8336 1400 5000 1 -1 0
1 97 405 8359 1 -1 0 0 8336 1400 -1 -1 -1 0
0 97 405 -1 -1 -1 0 1 8336 1400 2500 1 -1 0
1 97 405 8320 1 1 0 0 8336 1400 -1 -1 -1 0
0 97 405 -1 -1 -1 0 1 8336 1400 1250 1 -1 0
1 97 405 8339 1 -1 0 0 8336 1400 -1 -1 -1 0
0 97 405 -1 -1 -1 0 1 8336 1400 625 1 -1 0
1 97 405 8329 1 1 0 0 8336 1400 -1 -1 -1 0
0 97 405 -1 -1 -1 0 1 8336 1400 312 1 -1 0
1 97 405 8334 1 1 0 0 8336 1400 -1 -1 -1 0
0 97 405 -1 -1 -1 0 1 8236 1400 156 1 -1 0
1 97 405 8336 1 -1 0 0 8236 1400 -1 -1 -1 0
0 97 405 -1 -1 -1 0 1 8236 1400 78 1 1 0
1 97 405 8335 1 -1 0 0 8236 1400 -1 -1 -1 0
0 97 405 -1 -1 -1 0 1 8236 1400 117 1 -1 0
1 97 405 8334 1 -1 0 0 8236 1400 -1 -1 -1 0
0 97 405 -1 -1 -1 0 1 8236 1500 97 1 0 0
1 1001 405 8334 1 -1 0 0 8236 1500 -1 -1 -1 0
0 1001 405 -1 -1 -1 0 1 8236 1500 5000 1 -1 0
1 1001 405 8334 1 -1 0 0 8236 1500 -1 -1 -1 0
0 1001 405 -1 -1 -1 0 1 8236 1500 2500 1 -1 0
1 1001 405 5000 1 1 0 0 8236 1500 -1 -1 -1 0
0 1001 405 -1 -1 -1 0 1 8236 1500 1250 1 -1 0
1 1001 405 7500 1 1 0 0 8236 1500 -1 -1 -1 0
0 1001 405 -1 -1 -1 0 1 8236 1500 625 1 1 0
1 1001 405 8750 1 -1 0 0 8236 1500 -1 -1 -1 0
0 1001 405 -1 -1 -1 0 1 8236 1500 937 1 1 0
1 1001 405 8125 1 1 0 0 8236 1500 -1 -1 -1 0
0 1001 405 -1 -1 -1 0 1 8236 1500 1093 1 -1 0
1 1001 405 8437 1 -1 0 0 8236 1500 -1 -1 -1 0
0 1001 405 -1 -1 -1 0 1 8236 1500 1015 1 -1 0
1 1001 405 8281 1 -1 0 0 8236 1500 -1 -1 -1 0
0 1001 405 -1 -1 -1 0 1 8236 1500 976 1 1 0
1 1001 405 8203 1 1 0 0 8236 1500 -1 -1 -1 0
0 1001 405 -1 -1 -1 0 1 8236 1500 995 1 1 0
1 1001 405 8242 1 -1 0 0 8236 1500 -1 -1 -1 0
0 1001 405 -1 -1 -1 0 1 8236 1500 1005 1 -1 0
1 1001 405 8222 1 1 0 0 8236 1500 -1 -1 -1 0
0 1001 405 -1 -1 -1 0 1 8236 1500 1000 1 1 0
1 1001 405 8232 1 1 0 0 8236 1500 -1 -1 -1 0
0 1001 405 -1 -1 -1 0 1 8236 1500 1002 1 -1 0
1 1001 405 8237 1 -1 0 0 8236 1500 -1 -1 -1 0
0 1001 405 -1 -1 -1 0 1 8236 1600 1001 1 0 0
1 97 405 8234 1 1 0 0 8236 1600 -1 -1 -1 0
0 97 405 -1 -1 -1 0 1 8236 1600 5000 1 -1 0
1 97 405 8235 1 1 0 0 8236 1600 -1 -1 -1 0
0 97 405 -1 -1 -1 0 1 8236 1600 2500 1 -1 0
1 97 505 8236 1 0 0 0 8236 1600 -1 -1 -1 0
0 97 505 -1 -1 -1 0 1 5387 1600 1250 1 -1 0
1 97 505 5000 1 1 0 0 5387 1600 -1 -1 -1 0
0 97 505 -1 -1 -1 0 1 5387 1600 625 1 -1 0
1 97 505 7500 1 -1 0 0 5387 1600 -1 -1 -1 0
0 97 505 -1 -1 -1 0 1 5387 1600 312 1 -1 0
1 97 505 6250 1 -1 0 0 5387 1600 -1 -1 -1 0
0 97 505 -1 -1 -1 0 1 5387 1600 156 1 -1 0
1 97 505 5625 1 -1 0 0 5387 1600 -1 -1 -1 0
0 97 505 -1 -1 -1 0 1 5387 1600 78 1 1 0
1 97 505 5312 1 1 0 0 5387 1600 -1 -1 -1 0
0 97 505 -1 -1 -1 0 1 5387 1600 117 1 -1 0
1 97 505 5468 1 -1 0 0 5387 1600 -1 -1 -1 0
0 97 505 -1 -1 -1 0 1 5387 1700 97 1 0 0
1 1001 505 5390 1 -1 0 0 5387 1700 -1 -1 -1 0
0 1001 505 -1 -1 -1 0 1 5387 1700 5000 1 -1 0
1 1001 505 5351 1 1 0 0 5387 1700 -1 -1 -1 0
0 1001 505 -1 -1 -1 0 1 5387 1700 2500 1 -1 0
1 1001 505 5370 1 1 0 0 5387 1700 -1 -1 -1 0
0 1001 505 -1 -1 -1 0 1 5387 1700 1250 1 -1 0
1 1001 505 5380 1 1 0 0 5387 1700 -1 -1 -1 0
0 1001 505 -1 -1 -1 0 1 5387 1700 625 1 1 0
1 1001 505 5385 1 1 0 0 5387 1700 -1 -1 -1 0
0 1001 505 -1 -1 -1 0 1 5387 1700 937 1 1 0
1 1001 605 5387 1 0 0 0 5387 1700 -1 -1 -1 0
0 1001 605 -1 -1 -1 0 1 493 1700 1093 1 -1 0
1 1001 605 5000 1 -1 0 0 493 1700 -1 -1 -1 0
0 1001 605 -1 -1 -1 0 1 493 1700 1015 1 -1 0
1 1001 605 2500 1 -1 0 0 493 1700 -1 -1 -1 0
0 1001 605 -1 -1 -1 0 1 493 1700 976 1 1 0
1 1001 605 1250 1 -1 0 0 493 1700 -1 -1 -1 0
0 1001 605 -1 -1 -1 0 1 493 1700 995 1 1 0
1 1001 605 625 1 -1 0 0 493 1700 -1 -1 -1 0
0 1001 605 -1 -1 -1 0 1 493 1700 1005 1 -1 0
1 1001 605 313 1 1 0 0 493 1700 -1 -1 -1 0
0 1001 605 -1 -1 -1 0 1 493 1700 1000 1 1 0
1 1001 605 469 1 1 0 0 493 1700 -1 -1 -1 0
0 1001 605 -1 -1 -1 0 1 493 1700 1002 1 -1 0
1 1001 605 547 1 -1 0 0 493 1700 -1 -1 -1 0
0 1001 605 -1 -1 -1 0 1 493 1800 1001 1 0 0
1 97 605 508 1 -1 0 0 493 1800 -1 -1 -1 0
0 97 605 -1 -1 -1 0 1 493 1800 5000 1 -1 0
1 97 605 488 1 1 0 0 493 1800 -1 -1 -1 0
0 97 605 -1 -1 -1 0 1 493 1800 2500 1 -1 0
1 97 605 498 1 -1 0 0 493 1800 -1 -1 -1 0
0 97 605 -1 -1 -1 0 1 493 1800 1250 1 -1 0
1 97 705 493 1 0 0 0 493 1800 -1 -1 -1 0
0 97 705 -1 -1 -1 0 1 6650 1800 625 1 -1 0
1 97 705 5000 1 1 0 0 6650 1800 -1 -1 -1 0
0 97 705 -1 -1 -1 0 1 6650 1800 312 1 -1 0
1 97 705 7500 1 -1 0 0 6650 1800 -1 -1 -1 0
0 97 705 -1 -1 -1 0 1 6650 1800 156 1 -1 0
1 97 705 6250 1 1 0 0 6650 1800 -1 -1 -1 0
0 97 705 -1 -1 -1 0 1 6650 1800 78 1 1 0
1 97 705 6875 1 -1 0 0 6650 1800 -1 -1 -1 0
0 97 705 -1 -1 -1 0 1 6650 1800 117 1 -1 0
1 97 705 6562 1 1 0 0 6650 1800 -1 -1 -1 0
0 97 705 -1 -1 -1 0 1 6650 1900 97 1 0 0
1 8989 705 6718 1 -1 0 0 6650 1900 -1 -1 -1 0
0 8989 705 -1 -1 -1 0 1 6650 1900 5000 1 1 0
1 8989 705 6640 1 1 0 0 6650 1900 -1 -1 -1 0
0 8989 705 -1 -1 -1 0 1 6650 1900 7500 1 1 0
1 8989 705 6679 1 -1 0 0 6650 1900 -1 -1 -1 0
0 8989 705 -1 -1 -1 0 1 6650 1900 8750 1 1 0
1 8989 705 6659 1 -1 0 0 6650 1900 -1 -1 -1 0
0 8989 705 -1 -1 -1 0 1 6650 1900 9375 1 -1 0
1 8989 705 6649 1 1 0 0 6650 1900 -1 -1 -1 0
0 8989 705 -1 -1 -1 0 1 6650 1900 9062 1 -1 0
1 8989 705 6654 1 -1 0 0 6650 1900 -1 -1 -1 0
0 8989 705 -1 -1 -1 0 1 6650 1900 8906 1 1 0
1 8989 705 6651 1 -1 0 0 6650 1900 -1 -1 -1 0
0 8989 705 -1 -1 -1 0 1 6650 1900 8984 1 1 0
1 8989 805 6650 1 0 0 0 6650 1900 -1 -1 -1 0
0 8989 805 -1 -1 -1 0 1 1422 1900 9023 1 -1 0
1 8989 805 5000 1 -1 0 0 1422 1900 -1 -1 -1 0
0 8989 805 -1 -1 -1 0 1 1422 1900 9003 1 -1 0
1 8989 805 2500 1 -1 0 0 1422 1900 -1 -1 -1 0
0 8989 805 -1 -1 -1 0 1 1422 1900 8993 1 -1 0
1 8989 805 1250 1 1 0 0 1422 1900 -1 -1 -1 0
0 8989 805 -1 -1 -1 0 1 1422 1900 8988 1 1 0
1 8989 805 1875 1 -1 0 0 1422 1900 -1 -1 -1 0
0 8989 805 -1 -1 -1 0 1 1422 1900 8990 1 -1 0
1 8989 805 1562 1 -1 0 0 1422 1900 -1 -1 -1 0
0 8989 805 -1 -1 -1 0 1 1422 2000 8989 1 0 0
1 10000 805 1406 1 1 0 0 1422 2000 -1 -1 -1 0
0 10000 805 -1 -1 -1 0 1 1422 2000 5000 1 1 0
1 10000 805 1484 1 -1 0 0 1422 2000 -1 -1 -1 0
0 10000 805 -1 -1 -1 0 1 1422 2000 7500 1 1 0
1 10000 805 1445 1 -1 0 0 1422 2000 -1 -1 -1 0
0 10000 805 -1 -1 -1 0 1 1422 2000 8750 1 1 0
1 10000 805 1425 1 -1 0 0 1422 2000 -1 -1 -1 0
0 10000 805 -1 -1 -1 0 1 1422 2000 9375 1 1 0
1 10000 805 1415 1 1 0 0 1422 2000 -1 -1 -1 0
0 10000 805 -1 -1 -1 0 1 1422 2000 9688 1 1 0
1 10000 805 1420 1 1 0 0 1422 2000 -1 -1 -1 0
0 10000 805 -1 -1 -1 0 1 1422 2000 9844 1 1 0
1 10000 905 1422 1 0 0 0 1422 2000 -1 -1 -1 0
0 10000 905 -1 -1 -1 0 1 2363 2000 9922 1 1 0
1 10000 905 5000 1 -1 0 0 2363 2000 -1 -1 -1 0
0 10000 905 -1 -1 -1 0 1 2363 2000 9961 1 1 0
1 10000 905 2500 1 -1 0 0 2363 2000 -1 -1 -1 0
0 10000 905 -1 -1 -1 0 1 2363 2000 9981 1 1 0
1 10000 905 1250 1 1 0 0 2363 2000 -1 -1 -1 0
0 10000 905 -1 -1 -1 0 1 2363 2000 9991 1 1 0
1 10000 905 1875 1 1 0 0 2363 2000 -1 -1 -1 0
0 10000 905 -1 -1 -1 0 1 2363 2000 9996 1 1 0
1 10000 905 2187 1 1 0 0 2363 2000 -1 -1 -1 0
0 10000 905 -1 -1 -1 0 1 2363 2000 9998 1 1 0
1 10000 905 2343 1 1 0 0 2363 2000 -1 -1 -1 0
0 10000 905 -1 -1 -1 0 1 2363 2000 9999 1 1 0
1 10000 905 2421 1 -1 0 0 2363 2000 -1 -1 -1 0
0 10000 905 -1 -1 -1 0 1 2363 2100 10000 1 0 0
1 1 905 2382 1 -1 0 0 2363 2100 -1 -1 -1 0
0 1 905 -1 -1 -1 0 1 2363 2100 5000 1 -1 0
1 1 905 2362 1 1 0 0 2363 2100 -1 -1 -1 0
0 1 905 -1 -1 -1 0 1 2363 2100 2500 1 -1 0
1 31 905 2372 1 -1 0 0 2363 2100 -1 -1 -1 0
0 31 905 -1 -1 -1 0 1 2363 2100 1250 1 -1 0
1 31 905 2367 1 -1 0 0 2363 2100 -1 -1 -1 0
0 31 905 -1 -1 -1 0 1 2363 2100 625 1 -1 0
1 31 905 2364 1 -1 0 0 2363 2100 -1 -1 -1 0
0 31 905 -1 -1 -1 0 1 2363 2100 312 1 -1 0
1 31 1005 2363 1 0 0 0 2363 2100 -1 -1 -1 0
0 31 1005 -1 -1 -1 0 1 28 2100 156 1 -1 0
1 31 1005 5000 1 -1 0 0 28 2100 -1 -1 -1 0
0 31 1005 -1 -1 -1 0 1 28 2100 78 1 -1 0
1 31 1005 2500 1 -1 0 0 28 2100 -1 -1 -1 0
0 31 1005 -1 -1 -1 0 1 28 2100 39 1 -1 0
1 31 1005 1250 1 -1 0 0 28 2100 -1 -1 -1 0
0 31 1005 -1 -1 -1 0 1 28 2100 19 1 1 0
1 31 1005 625 1 -1 0 0 28 2100 -1 -1 -1 0
0 31 1005 -1 -1 -1 0 1 28 2100 29 1 1 0
1 31 1005 313 1 -1 0 0 28 2100 -1 -1 -1 0
0 31 1005 -1 -1 -1 0 1 28 2100 34 1 -1 0
1 31 1005 157 1 -1 0 0 28 2100 -1 -1 -1 0
0 31 1005 -1 -1 -1 0 1 28 2200 31 1 0 0
1 10000 1005 79 1 -1 0 0 28 2200 -1 -1 -1 0
0 10000 1005 -1 -1 -1 0 1 28 2200 5000 1 1 0
1 10000 1005 40 1 -1 0 0 28 2200 -1 -1 -1 0
0 10000 1005 -1 -1 -1 0 1 28 2200 7500 1 1 0
1 10000 1005 20 1 1 0 0 28 2200 -1 -1 -1 0
0 10000 1005 -1 -1 -1 0 1 28 2200 8750 1 1 0
1 10000 1005 30 1 -1 0 0 28 2200 -1 -1 -1 0
0 10000 1005 -1 -1 -1 0 1 28 2200 9375 1 1 0
1 10000 1005 25 1 1 0 0 28 2200 -1 -1 -1 0
0 10000 1005 -1 -1 -1 0 1 28 2200 9688 1 1 0
1 10000 1005 27 1 1 0 0 28 2200 -1 -1 -1 0
0 10000 1005 -1 -1 -1 0 1 28 2200 9844 1 1 0
1 10000 1105 28 1 0 0 0 28 2200 -1 -1 -1 0
0 10000 1105 -1 -1 -1 0 1 8691 2200 9922 1 1 0
1 10000 1105 5000 1 1 0 0 8691 2200 -1 -1 -1 0
0 10000 1105 -1 -1 -1 0 1 8691 2200 9961 1 1 0
1 10000 1105 7500 1 1 0 0 8691 2200 -1 -1 -1 0
0 10000 1105 -1 -1 -1 0 1 8691 2200 9981 1 1 0
1 10000 1105 8750 1 -1 0 0 8691 2200 -1 -1 -1 0
0 10000 1105 -1 -1 -1 0 1 8691 2200 9991 1 1 0
1 10000 1105 8125 1 1 0 0 8691 2200 -1 -1 -1 0
0 10000 1105 -1 -1 -1 0 1 8691 2200 9996 1 1 0
1 10000 1105 8437 1 1 0 0 8691 2200 -1 -1 -1 0
0 10000 1105 -1 -1 -1 0 1 8691 2200 9998 1 1 0
1 10000 1105 8593 1 1 0 0 8691 2200 -1 -1 -1 0
0 10000 1105 -1 -1 -1 0 1 8691 2200 9999 1 1 0
1 10000 1105 8671 1 1 0 0 8691 2200 -1 -1 -1 0
0 10000 1105 -1 -1 -1 0 1 8691 2300 10000 1 0 0
1 10000 1105 8710 1 -1 0 0 8691 2300 -1 -1 -1 0
0 10000 1105 -1 -1 -1 0 1 8691 2300 5000 1 1 0
1 10000 1105 8690 1 1 0 0 8691 2300 -1 -1 -1 0
0 10000 1105 -1 -1 -1 0 1 8691 2300 7500 1 1 0
1 10000 1105 8700 1 -1 0 0 8691 2300 -1 -1 -1 0
0 10000 1105 -1 -1 -1 0 1 8691 2300 8750 1 1 0
1 10000 1105 8695 1 -1 0 0 8691 2300 -1 -1 -1 0
0 10000 1105 -1 -1 -1 0 1 8691 2300 9375 1 1 0
1 10000 1105 8692 1 -1 0 0 8691 2300 -1 -1 -1 0
0 10000 1105 -1 -1 -1 0 1 8691 2300 9688 1 1 0
1 10000 1205 8691 1 0 0 0 8691 2300 -1 -1 -1 0
0 10000 1205 -1 -1 -1 0 1 60 2300 9844 1 1 0
1 10000 1205 5000 1 -1 0 0 60 2300 -1 -1 -1 0
0 10000 1205 -1 -1 -1 0 1 60 2300 9922 1 1 0
1 10000 1205 2500 1 -1 0 0 60 2300 -1 -1 -1 0
0 10000 1205 -1 -1 -1 0 1 60 2300 9961 1 1 0
1 10000 1205 1250 1 -1 0 0 60 2300 -1 -1 -1 0
0 10000 1205 -1 -1 -1 0 1 60 2300 9981 1 1 0
1 10000 1205 625 1 -1 0 0 60 2300 -1 -1 -1 0
0 10000 1205 -1 -1 -1 0 1 60 2300 9991 1 1 0
1 10000 1205 313 1 -1 0 0 60 2300 -1 -1 -1 0
0 10000 1205 -1 -1 -1 0 1 60 2300 9996 1 1 0
1 10000 1205 157 1 -1 0 0 60 2300 -1 -1 -1 0
0 10000 1205 -1 -1 -1 0 1 60 2300 9998 1 1 0
1 10000 1205 79 1 -1 0 0 60 2300 -1 -1 -1 0
0 10000 1205 -1 -1 -1 0 1 60 2300 9999 1 1 0
1 10000 1205 40 1 1 0 0 60 2300 -1 -1 -1 0
0 10000 1205 -1 -1 -1 0 1 60 2400 10000 1 0 0
1 8989 1205 59 1 1 0 0 60 2400 -1 -1 -1 0
0 8989 1205 -1 -1 -1 0 1 60 2400 5000 1 1 0
1 8989 1205 69 1 -1 0 0 60 2400 -1 -1 -1 0
0 8989 1205 -1 -1 -1 0 1 60 2400 7500 1 1 0
1 8989 1205 64 1 -1 0 0 60 2400 -1 -1 -1 0
0 8989 1205 -1 -1 -1 0 1 60 2400 8750 1 1 0
1 8989 1205 61 1 -1 0 0 60 2400 -1 -1 -1 0
0 8989 1205 -1 -1 -1 0 1 60 2400 9375 1 -1 0
1 8989 1305 60 1 0 0 0 60 2400 -1 -1 -1 0
0 8989 1305 -1 -1 -1 0 1 7764 2400 9062 1 -1 0
1 8989 1305 5000 1 1 0 0 7764 2400 -1 -1 -1 0
0 8989 1305 -1 -1 -1 0 1 7764 2400 8906 1 1 0
1 8989 1305 7500 1 1 0 0 7764 2400 -1 -1 -1 0
0 8989 1305 -1 -1 -1 0 1 7764 2400 8984 1 1 0
1 8989 1305 8750 1 -1 0 0 7764 2400 -1 -1 -1 0
0 8989 1305 -1 -1 -1 0 1 7764 2400 9023 1 -1 0
1 8989 1305 8125 1 -1 0 0 7764 2400 -1 -1 -1 0
0 8989 1305 -1 -1 -1 0 1 7764 2400 9003 1 -1 0
1 8989 1305 7812 1 -1 0 0 7764 2400 -1 -1 -1 0
0 8989 1305 -1 -1 -1 0 1 7764 2400 8993 1 -1 0
1 8989 1305 7656 1 1 0 0 7764 2400 -1 -1 -1 0
0 8989 1305 -1 -1 -1 0 1 7764 2400 8988 1 1 0
1 8989 1305 7734 1 1 0 0 7764 2400 -1 -1 -1 0
0 8989 1305 -1 -1 -1 0 1 7764 2400 8990 1 -1 0
1 8989 1305 7773 1 -1 0 0 7764 2400 -1 -1 -1 0
0 8989 1305 -1 -1 -1 0 1 7764 2500 8989 1 0 0
1 1001 1305 7753 1 1 0 0 7764 2500 -1 -1 -1 0
0 1001 1305 -1 -1 -1 0 1 7764 2500 5000 1 -1 0
1 1001 1305 7763 1 1 0 0 7764 2500 -1 -1 -1 0
0 1001 1305 -1 -1 -1 0 1 7764 2500 2500 1 -1 0
1 1001 1305 7768 1 -1 0 0 7764 2500 -1 -1 -1 0
0 1001 1305 -1 -1 -1 0 1 7764 2500 1250 1 -1 0
1 1001 1305 7765 1 -1 0 0 7764 2500 -1 -1 -1 0
0 1001 1305 -1 -1 -1 0 1 7764 2500 625 1 1 0
1 1001 1405 7764 1 0 0 0 7764 2500 -1 -1 -1 0
0 1001 1405 -1 -1 -1 0 1 3927 2500 937 1 1 0
1 1001 1405 5000 1 -1 0 0 3927 2500 -1 -1 -1 0
0 1001 1405 -1 -1 -1 0 1 3927 2500 1093 1 -1 0
1 1001 1405 2500 1 1 0 0 3927 2500 -1 -1 -1 0
0 1001 1405 -1 -1 -1 0 1 3927 2500 1015 1 -1 0
1 1001 1405 3750 1 1 0 0 3927 2500 -1 -1 -1 0
0 1001 1405 -1 -1 -1 0 1 3927 2500 976 1 1 0
1 1001 1405 4375 1 -1 0 0 3927 2500 -1 -1 -1 0
0 1001 1405 -1 -1 -1 0 1 3927 2500 995 1 1 0
1 1001 1405 4062 1 -1 0 0 3927 2500 -1 -1 -1 0
0 1001 1405 -1 -1 -1 0 1 3927 2500 1005 1 -1 0
1 1001 1405 3906 1 1 0 0 3927 2500 -1 -1 -1 0
0 1001 1405 -1 -1 -1 0 1 3927 2500 1000 1 1 0
1 1001 1405 3984 1 -1 0 0 3927 2500 -1 -1 -1 0
0 1001 1405 -1 -1 -1 0 1 3927 2500 1002 1 -1 0
1 1001 1405 3945 1 -1 0 0 3927 2500 -1 -1 -1 0
0 1001 1405 -1 -1 -1 0 1 3927 2600 1001 1 0 0
1 1979 1405 3925 1 1 0 0 3927 2600 -1 -1 -1 0
0 1979 1405 -1 -1 -1 0 1 3927 2600 5000 1 -1 0
1 1979 1405 3935 1 -1 0 0 3927 2600 -1 -1 -1 0
0 1979 1405 -1 -1 -1 0 1 3927 2600 2500 1 -1 0
1 1979 1405 3930 1 -1 0 0 3927 2600 -1 -1 -1 0
0 1979 1405 -1 -1 -1 0 1 3927 2600 1250 1 1 0
1 1979 1505 3927 1 0 0 0 3927 2600 -1 -1 -1 0
0 1979 1505 -1 -1 -1 0 1 541 2600 1875 1 1 0
1 1979 1505 5000 1 -1 0 0 541 2600 -1 -1 -1 0
0 1979 1505 -1 -1 -1 0 1 541 2600 2187 1 -1 0
1 1979 1505 2500 1 -1 0 0 541 2600 -1 -1 -1 0
0 1979 1505 -1 -1 -1 0 1 541 2600 2031 1 -1 0
1 1979 1505 1250 1 -1 0 0 541 2600 -1 -1 -1 0
0 1979 1505 -1 -1 -1 0 1 541 2600 1953 1 1 0
1 1979 1505 625 1 -1 0 0 541 2600 -1 -1 -1 0
0 1979 1505 -1 -1 -1 0 1 541 2600 1992 1 -1 0
1 1979 1505 313 1 1 0 0 541 2600 -1 -1 -1 0
0 1979 1505 -1 -1 -1 0 1 541 2600 1972 1 1 0
1 1979 1505 469 1 1 0 0 541 2600 -1 -1 -1 0
0 1979 1505 -1 -1 -1 0 1 541 2600 1982 1 -1 0
1 1979 1505 547 1 -1 0 0 541 2600 -1 -1 -1 0
0 1979 1505 -1 -1 -1 0 1 541 2600 1977 1 1 0
1 1979 1505 508 1 1 0 0 541 2600 -1 -1 -1 0
0 1979 1505 -1 -1 -1 0 1 541 2700 1979 1 0 0
1 1979 1505 527 1 1 0 0 541 2700 -1 -1 -1 0
0 1979 1505 -1 -1 -1 0 1 541 2700 5000 1 -1 0
1 1979 1505 537 1 1 0 0 541 2700 -1 -1 -1 0
0 1979 1505 -1 -1 -1 0 1 541 2700 2500 1 -1 0
1 1979 1505 542 1 -1 0 0 541 2700 -1 -1 -1 0
0 1979 1505 -1 -1 -1 0 1 541 2700 1250 1 1 0
1 1979 1505 539 1 1 0 0 541 2700 -1 -1 -1 0
0 1979 1505 -1 -1 -1 0 1 541 2700 1875 1 1 0
1 1979 1505 540 1 1 0 0 541 2700 -1 -1 -1 0
0 1979 1505 -1 -1 -1 0 1 541 2700 2187 1 -1 0
1 1979 1605 541 1 0 0 0 541 2700 -1 -1 -1 0
0 1979 1605 -1 -1 -1 0 1 3427 2700 2031 1 -1 0
1 1979 1605 5000 1 -1 0 0 3427 2700 -1 -1 -1 0
0 1979 1605 -1 -1 -1 0 1 3427 2700 1953 1 1 0
1 1979 1605 2500 1 1 0 0 3427 2700 -1 -1 -1 0
0 1979 1605 -1 -1 -1 0 1 3427 2700 1992 1 -1 0
1 1979 1605 3750 1 -1 0 0 3427 2700 -1 -1 -1 0
0 1979 1605 -1 -1 -1 0 1 3427 2700 1972 1 1 0
1 1979 1605 3125 1 1 0 0 3427 2700 -1 -1 -1 0
0 1979 1605 -1 -1 -1 0 1 3427 2700 1982 1 -1 0
1 1979 1605 3437 1 -1 0 0 3427 2700 -1 -1 -1 0
0 1979 1605 -1 -1 -1 0 1 3427 2700 1977 1 1 0
1 1979 1605 3281 1 1 0 0 3427 2700 -1 -1 -1 0
0 1979 1605 -1 -1 -1 0 1 3427 2800 1979 1 0 0
1 1001 1605 3359 1 1 0 0 3427 2800 -1 -1 -1 0
0 1001 1605 -1 -1 -1 0 1 3427 2800 5000 1 -1 0
1 1001 1605 3398 1 1 0 0 3427 2800 -1 -1 -1 0
0 1001 1605 -1 -1 -1 0 1 3427 2800 2500 1 -1 0
1 1001 1605 3417 1 1 0 0 3427 2800 -1 -1 -1 0
0 1001 1605 -1 -1 -1 0 1 3427 2800 1250 1 -1 0
1 1001 1705 3427 1 0 0 0 3427 2800 -1 -1 -1 0
0 1001 1705 -1 -1 -1 0 1 9173 2800 625 1 1 0
1 1001 1705 5000 1 1 0 0 9173 2800 -1 -1 -1 0
0 1001 1705 -1 -1 -1 0 1 9173 2800 937 1 1 0
1 1001 1705 7500 1 1 0 0 9173 2800 -1 -1 -1 0
0 1001 1705 -1 -1 -1 0 1 9173 2800 1093 1 -1 0
1 1001 1705 8750 1 1 0 0 9173 2800 -1 -1 -1 0
0 1001 1705 -1 -1 -1 0 1 9173 2800 1015 1 -1 0
1 1001 1705 9375 1 -1 0 0 9173 2800 -1 -1 -1 0
0 1001 1705 -1 -1 -1 0 1 9173 2800 976 1 1 0
1 1001 1705 9062 1 1 0 0 9173 2800 -1 -1 -1 0
0 1001 1705 -1 -1 -1 0 1 9173 2800 995 1 1 0
1 1001 1705 9218 1 -1 0 0 9173 2800 -1 -1 -1 0
0 1001 1705 -1 -1 -1 0 1 9173 2800 1005 1 -1 0
1 1001 1705 9140 1 1 0 0 9173 2800 -1 -1 -1 0
0 1001 1705 -1 -1 -1 0 1 9173 2800 1000 1 1 0
1 1001 1705 9179 1 -1 0 0 9173 2800 -1 -1 -1 0
0 1001 1705 -1 -1 -1 0 1 9173 2800 1002 1 -1 0
1 1001 1705 9159 1 1 0 0 9173 2800 -1 -1 -1 0
0 1001 1705 -1 -1 -1 0 1 9173 2900 1001 1 0 0
1 1001 1705 9169 1 1 0 0 9173 2900 -1 -1 -1 0
0 1001 1705 -1 -1 -1 0 1 9173 2900 5000 1 -1 0
1 1001 1705 9174 1 -1 0 0 9173 2900 -1 -1 -1 0
0 1001 1705 -1 -1 -1 0 1 9173 2900 2500 1 -1 0
1 1001 1705 9171 1 1 0 0 9173 2900 -1 -1 -1 0
0 1001 1705 -1 -1 -1 0 1 9173 2900 1250 1 -1 0
1 1001 1705 9172 1 1 0 0 9173 2900 -1 -1 -1 0
0 1001 1705 -1 -1 -1 0 1 9173 2900 625 1 1 0
1 1001 1805 9173 1 0 0 0 9173 2900 -1 -1 -1 0
0 1001 1805 -1 -1 -1 0 1 5737 2900 937 1 1 0
1 1001 1805 5000 1 1 0 0 5737 2900 -1 -1 -1 0
0 1001 1805 -1 -1 -1 0 1 5737 2900 1093 1 -1 0
1 1001 1805 7500 1 -1 0 0 5737 2900 -1 -1 -1 0
0 1001 1805 -1 -1 -1 0 1 5737 2900 1015 1 -1 0
1 1001 1805 6250 1 -1 0 0 5737 2900 -1 -1 -1 0
0 1001 1805 -1 -1 -1 0 1 5737 2900 976 1 1 0
1 1001 1805 5625 1 1 0 0 5737 2900 -1 -1 -1 0
0 1001 1805 -1 -1 -1 0 1 5737 2900 995 1 1 0
1 1001 1805 5937 1 -1 0 0 5737 2900 -1 -1 -1 0
0 1001 1805 -1 -1 -1 0 1 5737 2900 1005 1 -1 0
1 1001 1805 5781 1 -1 0 0 5737 2900 -1 -1 -1 0
0 1001 1805 -1 -1 -1 0 1 5737 2900 1000 1 1 0
1 1001 1805 5703 1 1 0 0 5737 2900 -1 -1 -1 0
0 1001 1805 -1 -1 -1 0 1 5737 2900 1002 1 -1 0
1 1001 1805 5742 1 -1 0 0 5737 2900 -1 -1 -1 0
0 1001 1805 -1 -1 -1 0 1 5737 3000 1001 1 0 0
1 1001 1805 5722 1 1 0 0 5737 3000 -1 -1 -1 0
0 1001 1805 -1 -1 -1 0 1 5737 3000 5000 1 -1 0
1 1001 1805 5732 1 1 0 0 5737 3000 -1 -1 -1 0
0 1001 1805 -1 -1 -1 0 1 5737 3000 2500 1 -1 0
1 1001 1905 5737 1 0 0 0 5737 3000 -1 -1 -1 0
0 1001 1905 -1 -1 -1 0 1 5212 3000 1250 1 -1 0
1 1001 1905 5000 1 1 0 0 5212 3000 -1 -1 -1 0
0 1001 1905 -1 -1 -1 0 1 5212 3000 625 1 1 0
1 1001 1905 7500 1 -1 0 0 5212 3000 -1 -1 -1 0
0 1001 1905 -1 -1 -1 0 1 5212 3000 937 1 1 0
1 1001 1905 6250 1 -1 0 0 5212 3000 -1 -1 -1 0
0 1001 1905 -1 -1 -1 0 1 5212 3000 1093 1 -1 0
1 1001 1905 5625 1 -1 0 0 5212 3000 -1 -1 -1 0
0 1001 1905 -1 -1 -1 0 1 5212 3000 1015 1 -1 0
1 1001 1905 5312 1 -1 0 0 5212 3000 -1 -1 -1 0
0 1001 1905 -1 -1 -1 0 1 5212 3000 976 1 1 0
1 1001 1905 5156 1 1 0 0 5212 3000 -1 -1 -1 0
0 1001 1905 -1 -1 -1 0 1 5212 3000 995 1 1 0
1 1001 1905 5234 1 -1 0 0 5212 3000 -1 -1 -1 0
0 1001 1905 -1 -1 -1 0 1 5212 3000 1005 1 -1 0
1 1001 1905 5195 1 1 0 0 5212 3000 -1 -1 -1 0
0 1001 1905 -1 -1 -1 0 1 5212 3000 1000 1 1 0
1 1001 1905 5214 1 -1 0 0 5212 3000 -1 -1 -1 0
0 1001 1905 -1 -1 -1 0 1 5212 3000 1002 1 -1 0
1 1001 1905 5204 1 1 0 0 5212 3000 -1 -1 -1 0
0 1001 1905 -1 -1 -1 0 1 5212 3100 1001 1 0 0
1 97 1905 5209 1 1 0 0 5212 3100 -1 -1 -1 0
0 97 1905 -1 -1 -1 0 1 5212 3100 5000 1 -1 0
1 97 1905 5211 1 1 0 0 5212 3100 -1 -1 -1 0
0 97 1905 -1 -1 -1 0 1 5212 3100 2500 1 -1 0
1 97 2005 5212 1 0 0 0 5212 3100 -1 -1 -1 0
0 97 2005 -1 -1 -1 0 1 5369 3100 1250 1 -1 0
1 97 2005 5000 1 1 0 0 5369 3100 -1 -1 -1 0
0 97 2005 -1 -1 -1 0 1 5369 3100 625 1 -1 0
1 97 2005 7500 1 -1 0 0 5369 3100 -1 -1 -1 0
0 97 2005 -1 -1 -1 0 1 5369 3100 312 1 -1 0
1 97 2005 6250 1 -1 0 0 5369 3100 -1 -1 -1 0
0 97 2005 -1 -1 -1 0 1 5369 3100 156 1 -1 0
1 97 2005 5625 1 -1 0 0 5369 3100 -1 -1 -1 0
0 97 2005 -1 -1 -1 0 1 5369 3100 78 1 1 0
1 97 2005 5312 1 1 0 0 5369 3100 -1 -1 -1 0
0 97 2005 -1 -1 -1 0 1 5369 3100 117 1 -1 0
1 97 2005 5468 1 -1 0 0 5369 3100 -1 -1 -1 0
0 97 2005 -1 -1 -1 0 1 5369 3200 97 1 0 0
1 97 2005 5390 1 -1 0 0 5369 3200 -1 -1 -1 0
0 97 2005 -1 -1 -1 0 1 5369 3200 5000 1 -1 0
1 97 2005 5351 1 1 0 0 5369 3200 -1 -1 -1 0
0 97 2005 -1 -1 -1 0 1 5369 3200 2500 1 -1 0
1 97 2005 5370 1 -1 0 0 5369 3200 -1 -1 -1 0
0 97 2005 -1 -1 -1 0 1 5369 3200 1250 1 -1 0
1 97 2005 5360 1 1 0 0 5369 3200 -1 -1 -1 0
0 97 2005 -1 -1 -1 0 1 5369 3200 625 1 -1 0
1 97 2005 5365 1 1 0 0 5369 3200 -1 -1 -1 0
0 97 2005 -1 -1 -1 0 1 5369 3200 312 1 -1 0
1 97 2005 5367 1 1 0 0 5369 3200 -1 -1 -1 0
0 97 2005 -1 -1 -1 0 1 5369 3200 156 1 -1 0
1 97 2005 5368 1 1 0 0 5369 3200 -1 -1 -1 0
0 97 2005 -1 -1 -1 0 1 5369 3200 78 1 1 0
1 97 2105 5369 1 0 0 0 5369 3200 -1 -1 -1 0
0 97 2105 -1 -1 -1 0 1 2568 3200 117 1 -1 0
1 97 2105 5000 1 -1 0 0 2568 3200 -1 -1 -1 0
0 97 2105 -1 -1 -1 0 1 2568 3300 97 1 0 0
1 97 2105 2500 1 1 0 0 2568 3300 -1 -1 -1 0
0 97 2105 -1 -1 -1 0 1 2568 3300 5000 1 -1 0
1 97 2105 3750 1 -1 0 0 2568 3300 -1 -1 -1 0
0 97 2105 -1 -1 -1 0 1 2568 3300 2500 1 -1 0
1 97 2105 3125 1 -1 0 0 2568 3300 -1 -1 -1 0
0 97 2105 -1 -1 -1 0 1 2568 3300 1250 1 -1 0
1 97 2105 2812 1 -1 0 0 2568 3300 -1 -1 -1 0
0 97 2105 -1 -1 -1 0 1 2568 3300 625 1 -1 0
1 97 2105 2656 1 -1 0 0 2568 3300 -1 -1 -1 0
0 97 2105 -1 -1 -1 0 1 2568 3300 312 1 -1 0
1 97 2105 2578 1 -1 0 0 2568 3300 -1 -1 -1 0
0 97 2105 -1 -1 -1 0 1 2568 3300 156 1 -1 0
1 97 2105 2539 1 1 0 0 2568 3300 -1 -1 -1 0
0 97 2105 -1 -1 -1 0 1 2568 3300 78 1 1 0
1 97 2105 2558 1 1 0 0 2568 3300 -1 -1 -1 0
0 97 2105 -1 -1 -1 0 1 2568 3300 117 1 -1 0
1 97 2205 2568 1 0 0 0 2568 3300 -1 -1 -1 0
0 97 2205 -1 -1 -1 0 1 6430 3400 97 1 0 0
1 8989 2205 5000 1 1 0 0 6430 3400 -1 -1 -1 0
0 8989 2205 -1 -1 -1 0 1 6430 3400 5000 1 1 0
1 8989 2205 7500 1 -1 0 0 6430 3400 -1 -1 -1 0
0 8989 2205 -1 -1 -1 0 1 6430 3400 7500 1 1 0
1 8989 2205 6250 1 1 0 0 6430 3400 -1 -1 -1 0
0 8989 2205 -1 -1 -1 0 1 6430 3400 8750 1 1 0
1 8989 2205 6875 1 -1 0 0 6430 3400 -1 -1 -1 0
0 8989 2205 -1 -1 -1 0 1 6430 3400 9375 1 -1 0
1 8989 2205 6562 1 -1 0 0 6430 3400 -1 -1 -1 0
0 8989 2205 -1 -1 -1 0 1 6430 3400 9062 1 -1 0
1 8989 2205 6406 1 1 0 0 6430 3400 -1 -1 -1 0
0 8989 2205 -1 -1 -1 0 1 6430 3400 8906 1 1 0
1 8989 2205 6484 1 -1 0 0 6430 3400 -1 -1 -1 0
0 8989 2205 -1 -1 -1 0 1 6430 3400 8984 1 1 0
1 8989 2205 6445 1 -1 0 0 6430 3400 -1 -1 -1 0
0 8989 2205 -1 -1 -1 0 1 6430 3400 9023 1 -1 0
1 8989 2205 6425 1 1 0 0 6430 3400 -1 -1 -1 0
0 8989 2205 -1 -1 -1 0 1 6430 3400 9003 1 -1 0
1 8989 2205 6435 1 -1 0 0 6430 3400 -1 -1 -1 0
0 8989 2205 -1 -1 -1 0 1 6430 3400 8993 1 -1 0
1 8989 2305 6430 1 0 0 0 6430 3400 -1 -1 -1 0
0 8989 2305 -1 -1 -1 0 1 5783 3400 8988 1 1 0
1 8989 2305 5000 1 1 0 0 5783 3400 -1 -1 -1 0
0 8989 2305 -1 -1 -1 0 1 5783 3400 8990 1 -1 0
1 8989 2305 7500 1 -1 0 0 5783 3400 -1 -1 -1 0
0 8989 2305 -1 -1 -1 0 1 5783 3500 8989 1 0 0
1 1 2305 6250 1 -1 0 0 5783 3500 -1 -1 -1 0
0 1 2305 -1 -1 -1 0 1 5783 3500 5000 1 -1 0
1 1 2305 5625 1 1 0 0 5783 3500 -1 -1 -1 0
0 1 2305 -1 -1 -1 0 1 5783 3500 2500 1 -1 0
1 1 2305 5937 1 -1 0 0 5783 3500 -1 -1 -1 0
0 1 2305 -1 -1 -1 0 1 5783 3500 1250 1 -1 0
1 1 2305 5781 1 1 0 0 5783 3500 -1 -1 -1 0
0 1 2305 -1 -1 -1 0 1 5783 3500 625 1 -1 0
1 1 2305 5859 1 -1 0 0 5783 3500 -1 -1 -1 0
0 1 2305 -1 -1 -1 0 1 5783 3500 312 1 -1 0
1 1 2305 5820 1 -1 0 0 5783 3500 -1 -1 -1 0
0 1 2305 -1 -1 -1 0 1 5783 3500 156 1 -1 0
1 1 2305 5800 1 -1 0 0 5783 3500 -1 -1 -1 0
0 1 2305 -1 -1 -1 0 1 5783 3500 78 1 -1 0
1 1 2305 5790 1 -1 0 0 5783 3500 -1 -1 -1 0
0 1 2305 -1 -1 -1 0 1 5783 3500 39 1 -1 0
1 1 2305 5785 1 -1 0 0 5783 3500 -1 -1 -1 0
0 1 2305 -1 -1 -1 0 1 5783 3500 19 1 -1 0
1 1 2405 5783 1 0 0 0 5783 3500 -1 -1 -1 0
0 1 2405 -1 -1 -1 0 1 1531 3500 9 1 -1 0
1 1 2405 5000 1 -1 0 0 1531 3500 -1 -1 -1 0
0 1 2405 -1 -1 -1 0 1 1531 3500 4 1 -1 0
1 1 2405 2500 1 -1 0 0 1531 3500 -1 -1 -1 0
0 1 2405 -1 -1 -1 0 1 1531 3500 2 1 -1 0
1 1 2405 1250 1 1 0 0 1531 3500 -1 -1 -1 0
0 1 2405 -1 -1 -1 0 1 1531 3600 1 1 0 0
1 1 2405 1875 1 -1 0 0 1531 3600 -1 -1 -1 0
0 1 2405 -1 -1 -1 0 1 1531 3600 5000 1 -1 0
1 1 2405 1562 1 -1 0 0 1531 3600 -1 -1 -1 0
0 1 2405 -1 -1 -1 0 1 1531 3600 2500 1 -1 0
1 1 2405 1406 1 1 0 0 1531 3600 -1 -1 -1 0
0 1 2405 -1 -1 -1 0 1 1531 3600 1250 1 -1 0
1 1 2405 1484 1 1 0 0 1531 3600 -1 -1 -1 0
0 1 2405 -1 -1 -1 0 1 1531 3600 625 1 -1 0
1 1 2405 1523 1 1 0 0 1531 3600 -1 -1 -1 0
0 1 2405 -1 -1 -1 0 1 1531 3600 312 1 -1 0
1 1 2405 1542 1 -1 0 0 1531 3600 -1 -1 -1 0
0 1 2405 -1 -1 -1 0 1 1531 3600 156 1 -1 0
1 1 2405 1532 1 -1 0 0 1531 3600 -1 -1 -1 0
0 1 2405 -1 -1 -1 0 1 1531 3600 78 1 -1 0
1 1 2405 1527 1 1 0 0 1531 3600 -1 -1 -1 0
0 1 2405 -1 -1 -1 0 1 1531 3600 39 1 -1 0
1 1 2405 1529 1 1 0 0 1531 3600 -1 -1 -1 0
0 1 2405 -1 -1 -1 0 1 1531 3600 19 1 -1 0
1 1 2405 1530 1 1 0 0 1531 3600 -1 -1 -1 0
0 1 2405 -1 -1 -1 0 1 1531 3600 9 1 -1 0
1 1 2505 1531 1 0 0 0 1531 3600 -1 -1 -1 0
0 1 2505 -1 -1 -1 0 1 2863 3600 4 1 -1 0
1 1 2505 5000 1 -1 0 0 2863 3600 -1 -1 -1 0
0 1 2505 -1 -1 -1 0 1 2863 3600 2 1 -1 0
1 1 2505 2500 1 1 0 0 2863 3600 -1 -1 -1 0
0 1 2505 -1 -1 -1 0 1 2863 3700 1 1 0 0
1 1 2505 3750 1 -1 0 0 2863 3700 -1 -1 -1 0
0 1 2505 -1 -1 -1 0 1 2863 3700 5000 1 -1 0
1 1 2505 3125 1 -1 0 0 2863 3700 -1 -1 -1 0
0 1 2505 -1 -1 -1 0 1 2863 3700 2500 1 -1 0
1 1 2505 2812 1 1 0 0 2863 3700 -1 -1 -1 0
0 1 2505 -1 -1 -1 0 1 2863 3700 1250 1 -1 0
1 1 2505 2968 1 -1 0 0 2863 3700 -1 -1 -1 0
0 1 2505 -1 -1 -1 0 1 2863 3700 625 1 -1 0
1 1 2505 2890 1 -1 0 0 2863 3700 -1 -1 -1 0
0 1 2505 -1 -1 -1 0 1 2863 3700 312 1 -1 0
1 1 2505 2851 1 1 0 0 2863 3700 -1 -1 -1 0
0 1 2505 -1 -1 -1 0 1 2863 3700 156 1 -1 0
1 1 2505 2870 1 -1 0 0 2863 3700 -1 -1 -1 0
0 1 2505 -1 -1 -1 0 1 2863 3700 78 1 -1 0
1 24 2505 2860 1 1 0 0 2863 3700 -1 -1 -1 0
0 24 2505 -1 -1 -1 0 1 2863 3700 39 1 -1 0
1 24 2505 2865 1 -1 0 0 2863 3700 -1 -1 -1 0
0 24 2505 -1 -1 -1 0 1 2863 3700 19 1 1 0
1 24 2505 2862 1 1 0 0 2863 3700 -1 -1 -1 0
0 24 2505 -1 -1 -1 0 1 2863 3700 29 1 -1 0
1 24 2605 2863 1 0 0 0 2863 3700 -1 -1 -1 0
0 24 2605 -1 -1 -1 0 1 5124 3800 24 1 0 0
1 1979 2605 5000 1 1 0 0 5124 3800 -1 -1 -1 0
0 1979 2605 -1 -1 -1 0 1 5124 3800 5000 1 -1 0
1 1979 2605 7500 1 -1 0 0 5124 3800 -1 -1 -1 0
0 1979 2605 -1 -1 -1 0 1 5124 3800 2500 1 -1 0
1 1979 2605 6250 1 -1 0 0 5124 3800 -1 -1 -1 0
0 1979 2605 -1 -1 -1 0 1 5124 3800 1250 1 1 0
1 1979 2605 5625 1 -1 0 0 5124 3800 -1 -1 -1 0
0 1979 2605 -1 -1 -1 0 1 5124 3800 1875 1 1 0
1 1979 2605 5312 1 -1 0 0 5124 3800 -1 -1 -1 0
0 1979 2605 -1 -1 -1 0 1 5124 3800 2187 1 -1 0
1 1979 2605 5156 1 -1 0 0 5124 3800 -1 -1 -1 0
0 1979 2605 -1 -1 -1 0 1 5124 3800 2031 1 -1 0
1 1979 2605 5078 1 1 0 0 5124 3800 -1 -1 -1 0
0 1979 2605 -1 -1 -1 0 1 5124 3800 1953 1 1 0
1 1979 2605 5117 1 1 0 0 5124 3800 -1 -1 -1 0
0 1979 2605 -1 -1 -1 0 1 5124 3800 1992 1 -1 0
1 1979 2605 5136 1 -1 0 0 5124 3800 -1 -1 -1 0
0 1979 2605 -1 -1 -1 0 1 5124 3800 1972 1 1 0
1 1979 2605 5126 1 -1 0 0 5124 3800 -1 -1 -1 0
0 1979 2605 -1 -1 -1 0 1 5124 3800 1982 1 -1 0
1 1979 2605 5121 1 1 0 0 5124 3800 -1 -1 -1 0
0 1979 2605 -1 -1 -1 0 1 5124 3800 1977 1 1 0
1 1979 2605 5123 1 1 0 0 5124 3800 -1 -1 -1 0
0 1979 2605 -1 -1 -1 0 1 5124 3900 1979 1 0 0
1 97 2705 5124 1 0 0 0 5124 3900 -1 -1 -1 0
0 97 2705 -1 -1 -1 0 1 4068 3900 5000 1 -1 0
1 97 2705 5000 1 -1 0 0 4068 3900 -1 -1 -1 0
0 97 2705 -1 -1 -1 0 1 4068 3900 2500 1 -1 0
1 97 2705 2500 1 1 0 0 4068 3900 -1 -1 -1 0
0 97 2705 -1 -1 -1 0 1 4068 3900 1250 1 -1 0
1 97 2705 3750 1 1 0 0 4068 3900 -1 -1 -1 0
0 97 2705 -1 -1 -1 0 1 4068 3900 625 1 -1 0
1 97 2705 4375 1 -1 0 0 4068 3900 -1 -1 -1 0
0 97 2705 -1 -1 -1 0 1 4068 3900 312 1 -1 0
1 97 2705 4062 1 1 0 0 4068 3900 -1 -1 -1 0
0 97 2705 -1 -1 -1 0 1 4068 3900 156 1 -1 0
1 97 2705 4218 1 -1 0 0 4068 3900 -1 -1 -1 0
0 97 2705 -1 -1 -1 0 1 4068 3900 78 1 1 0
1 97 2705 4140 1 -1 0 0 4068 3900 -1 -1 -1 0
0 97 2705 -1 -1 -1 0 1 4068 3900 117 1 -1 0
1 97 2705 4101 1 -1 0 0 4068 3900 -1 -1 -1 0
0 97 2705 -1 -1 -1 0 1 4068 4000 97 1 0 0
1 10000 2705 4081 1 -1 0 0 4068 4000 -1 -1 -1 0
0 10000 2705 -1 -1 -1 0 1 4068 4000 5000 1 1 0
1 10000 2705 4071 1 -1 0 0 4068 4000 -1 -1 -1 0
0 10000 2705 -1 -1 -1 0 1 4068 4000 7500 1 1 0
1 10000 2705 4066 1 1 0 0 4068 4000 -1 -1 -1 0
0 10000 2705 -1 -1 -1 0 1 4068 4000 8750 1 1 0
1 10000 2805 4068 1 0 0 0 4068 4000 -1 -1 -1 0
0 10000 2805 -1 -1 -1 0 1 3136 4000 9375 1 1 0
1 10000 2805 5000 1 -1 0 0 3136 4000 -1 -1 -1 0
0 10000 2805 -1 -1 -1 0 1 3136 4000 9688 1 1 0
1 10000 2805 2500 1 1 0 0 3136 4000 -1 -1 -1 0
0 10000 2805 -1 -1 -1 0 1 3136 4000 9844 1 1 0
1 10000 2805 3750 1 -1 0 0 3136 4000 -1 -1 -1 0
0 10000 2805 -1 -1 -1 0 1 3136 4000 9922 1 1 0
1 10000 2805 3125 1 1 0 0 3136 4000 -1 -1 -1 0
0 10000 2805 -1 -1 -1 0 1 3136 4000 9961 1 1 0
1 10000 2805 3437 1 -1 0 0 3136 4000 -1 -1 -1 0
0 10000 2805 -1 -1 -1 0 1 3136 4000 9981 1 1 0
1 10000 2805 3281 1 -1 0 0 3136 4000 -1 -1 -1 0
0 10000 2805 -1 -1 -1 0 1 3136 4000 9991 1 1 0
1 10000 2805 3203 1 -1 0 0 3136 4000 -1 -1 -1 0
0 10000 2805 -1 -1 -1 0 1 3136 4000 9996 1 1 0
1 10000 2805 3164 1 -1 0 0 3136 4000 -1 -1 -1 0
0 10000 2805 -1 -1 -1 0 1 3136 4000 9998 1 1 0
1 10000 2805 3144 1 -1 0 0 3136 4000 -1 -1 -1 0
0 10000 2805 -1 -1 -1 0 1 3136 4000 9999 1 1 0
1 10000 2805 3134 1 1 0 0 3136 4000 -1 -1 -1 0
0 10000 2805 -1 -1 -1 0 1 3136 4100 10000 1 0 0
1 97 2805 3139 1 -1 0 0 3136 4100 -1 -1 -1 0
0 97 2805 -1 -1 -1 0 1 3136 4100 5000 1 -1 0
1 97 2905 3136 1 0 0 0 3136 4100 -1 -1 -1 0
0 97 2905 -1 -1 -1 0 1 3930 4100 2500 1 -1 0
1 97 2905 5000 1 -1 0 0 3930 4100 -1 -1 -1 0
0 97 2905 -1 -1 -1 0 1 3930 4100 1250 1 -1 0
1 97 2905 2500 1 1 0 0 3930 4100 -1 -1 -1 0
0 97 2905 -1 -1 -1 0 1 3930 4100 625 1 -1 0
1 97 2905 3750 1 1 0 0 3930 4100 -1 -1 -1 0
0 97 2905 -1 -1 -1 0 1 3930 4100 312 1 -1 0
1 97 2905 4375 1 -1 0 0 3930 4100 -1 -1 -1 0
0 97 2905 -1 -1 -1 0 1 3930 4100 156 1 -1 0
1 97 2905 4062 1 -1 0 0 3930 4100 -1 -1 -1 0
0 97 2905 -1 -1 -1 0 1 3930 4100 78 1 1 0
1 97 2905 3906 1 1 0 0 3930 4100 -1 -1 -1 0
0 97 2905 -1 -1 -1 0 1 3930 4100 117 1 -1 0
1 97 2905 3984 1 -1 0 0 3930 4100 -1 -1 -1 0
0 97 2905 -1 -1 -1 0 1 3930 4200 97 1 0 0
1 10000 2905 3945 1 -1 0 0 3930 4200 -1 -1 -1 0
0 10000 2905 -1 -1 -1 0 1 3930 4200 5000 1 1 0
1 10000 2905 3925 1 1 0 0 3930 4200 -1 -1 -1 0
0 10000 2905 -1 -1 -1 0 1 3930 4200 7500 1 1 0
1 10000 2905 3935 1 -1 0 0 3930 4200 -1 -1 -1 0
0 10000 2905 -1 -1 -1 0 1 3930 4200 8750 1 1 0
1 10000 3005 3930 1 0 0 0 3930 4200 -1 -1 -1 0
0 10000 3005 -1 -1 -1 0 1 9803 4200 9375 1 1 0
1 10000 3005 5000 1 1 0 0 9803 4200 -1 -1 -1 0
0 10000 3005 -1 -1 -1 0 1 9803 4200 9688 1 1 0
1 10000 3005 7500 1 1 0 0 9803 4200 -1 -1 -1 0
0 10000 3005 -1 -1 -1 0 1 9803 4200 9844 1 1 0
1 10000 3005 8750 1 1 0 0 9803 4200 -1 -1 -1 0
0 10000 3005 -1 -1 -1 0 1 9803 4200 9922 1 1 0
1 10000 3005 9375 1 1 0 0 9803 4200 -1 -1 -1 0
0 10000 3005 -1 -1 -1 0 1 9803 4200 9961 1 1 0
1 10000 3005 9687 1 1 0 0 9803 4200 -1 -1 -1 0
0 10000 3005 -1 -1 -1 0 1 9803 4200 9981 1 1 0
1 10000 3005 9843 1 -1 0 0 9803 4200 -1 -1 -1 0
0 10000 3005 -1 -1 -1 0 1 9803 4200 9991 1 1 0
1 10000 3005 9765 1 1 0 0 9803 4200 -1 -1 -1 0
0 10000 3005 -1 -1 -1 0 1 9803 4200 9996 1 1 0
1 10000 3005 9804 1 -1 0 0 9803 4200 -1 -1 -1 0
0 10000 3005 -1 -1 -1 0 1 9803 4200 9998 1 1 0
1 10000 3005 9784 1 1 0 0 9803 4200 -1 -1 -1 0
0 10000 3005 -1 -1 -1 0 1 9803 4200 9999 1 1 0
1 10000 3005 9794 1 1 0 0 9803 4200 -1 -1 -1 0
0 10000 3005 -1 -1 -1 0 1 9803 4300 10000 1 0 0
1 1979 3005 9799 1 1 0 0 9803 4300 -1 -1 -1 0
0 1979 3005 -1 -1 -1 0 1 9803 4300 5000 1 -1 0
1 1979 3005 9801 1 1 0 0 9803 4300 -1 -1 -1 0
0 1979 3005 -1 -1 -1 0 1 9803 4300 2500 1 -1 0
1 1979 3005 9802 1 1 0 0 9803 4300 -1 -1 -1 0
0 1979 3005 -1 -1 -1 0 1 9803 4300 1250 1 1 0
1 1979 3105 9803 1 0 0 0 9803 4300 -1 -1 -1 0
0 1979 3105 -1 -1 -1 0 1 4023 4300 1875 1 1 0
1 1979 3105 5000 1 -1 0 0 4023 4300 -1 -1 -1 0
0 1979 3105 -1 -1 -1 0 1 4023 4300 2187 1 -1 0
1 1979 3105 2500 1 1 0 0 4023 4300 -1 -1 -1 0
0 1979 3105 -1 -1 -1 0 1 4023 4300 2031 1 -1 0
1 1979 3105 3750 1 1 0 0 4023 4300 -1 -1 -1 0
0 1979 3105 -1 -1 -1 0 1 4023 4300 1953 1 1 0
1 1979 3105 4375 1 -1 0 0 4023 4300 -1 -1 -1 0
0 1979 3105 -1 -1 -1 0 1 4023 4300 1992 1 -1 0
1 1979 3105 4062 1 -1 0 0 4023 4300 -1 -1 -1 0
0 1979 3105 -1 -1 -1 0 1 4023 4300 1972 1 1 0
1 1979 3105 3906 1 1 0 0 4023 4300 -1 -1 -1 0
0 1979 3105 -1 -1 -1 0 1 4023 4300 1982 1 -1 0
1 1979 3105 3984 1 1 0 0 4023 4300 -1 -1 -1 0
0 1979 3105 -1 -1 -1 0 1 4023 4300 1977 1 1 0
1 1979 3205 4023 1 0 0 0 4023 4300 -1 -1 -1 0
0 1979 3205 -1 -1 -1 0 1 3059 4400 1979 1 0 0
1 1979 3205 5000 1 -1 0 0 3059 4400 -1 -1 -1 0
0 1979 3205 -1 -1 -1 0 1 3059 4400 5000 1 -1 0
1 1979 3205 2500 1 1 0 0 3059 4400 -1 -1 -1 0
0 1979 3205 -1 -1 -1 0 1 3059 4400 2500 1 -1 0
1 1979 3205 3750 1 -1 0 0 3059 4400 -1 -1 -1 0
0 1979 3205 -1 -1 -1 0 1 3059 4400 1250 1 1 0
1 1979 3205 3125 1 -1 0 0 3059 4400 -1 -1 -1 0
0 1979 3205 -1 -1 -1 0 1 3059 4400 1875 1 1 0
1 1979 3205 2812 1 1 0 0 3059 4400 -1 -1 -1 0
0 1979 3205 -1 -1 -1 0 1 3059 4400 2187 1 -1 0
1 1979 3205 2968 1 1 0 0 3059 4400 -1 -1 -1 0
0 1979 3205 -1 -1 -1 0 1 3059 4400 2031 1 -1 0
1 1979 3205 3046 1 1 0 0 3059 4400 -1 -1 -1 0
0 1979 3205 -1 -1 -1 0 1 3059 4400 1953 1 1 0
1 1979 3205 3085 1 -1 0 0 3059 4400 -1 -1 -1 0
0 1979 3205 -1 -1 -1 0 1 3059 4400 1992 1 -1 0
1 1979 3205 3065 1 -1 0 0 3059 4400 -1 -1 -1 0
0 1979 3205 -1 -1 -1 0 1 3059 4400 1972 1 1 0
1 1979 3205 3055 1 1 0 0 3059 4400 -1 -1 -1 0
0 1979 3205 -1 -1 -1 0 1 3059 4400 1982 1 -1 0
1 1979 3205 3060 1 -1 0 0 3059 4400 -1 -1 -1 0
0 1979 3205 -1 -1 -1 0 1 3059 4400 1977 1 1 0
1 1979 3205 3057 1 1 0 0 3059 4400 -1 -1 -1 0
0 1979 3205 -1 -1 -1 0 1 3059 4500 1979 1 0 0
1 1979 3205 3058 1 1 0 0 3059 4500 -1 -1 -1 0
0 1979 3205 -1 -1 -1 0 1 3059 4500 5000 1 -1 0
1 1979 3305 3059 1 0 0 0 3059 4500 -1 -1 -1 0
0 1979 3305 -1 -1 -1 0 1 3070 4500 2500 1 -1 0
1 1979 3305 5000 1 -1 0 0 3070 4500 -1 -1 -1 0
0 1979 3305 -1 -1 -1 0 1 3070 4500 1250 1 1 0
1 1979 3305 2500 1 1 0 0 3070 4500 -1 -1 -1 0
0 1979 3305 -1 -1 -1 0 1 3070 4500 1875 1 1 0
1 1979 3305 3750 1 -1 0 0 3070 4500 -1 -1 -1 0
0 1979 3305 -1 -1 -1 0 1 3070 4500 2187 1 -1 0
1 1979 3305 3125 1 -1 0 0 3070 4500 -1 -1 -1 0
0 1979 3305 -1 -1 -1 0 1 3070 4500 2031 1 -1 0
1 1979 3305 2812 1 1 0 0 3070 4500 -1 -1 -1 0
0 1979 3305 -1 -1 -1 0 1 3070 4500 1953 1 1 0
1 1979 3305 2968 1 1 0 0 3070 4500 -1 -1 -1 0
0 1979 3305 -1 -1 -1 0 1 3070 4500 1992 1 -1 0
1 1979 3305 3046 1 1 0 0 3070 4500 -1 -1 -1 0
0 1979 3305 -1 -1 -1 0 1 3070 4500 1972 1 1 0
1 1979 3305 3085 1 -1 0 0 3070 4500 -1 -1 -1 0
0 1979 3305 -1 -1 -1 0 1 3070 4500 1982 1 -1 0
1 1979 3305 3065 1 1 0 0 3070 4500 -1 -1 -1 0
0 1979 3305 -1 -1 -1 0 1 3070 4500 1977 1 1 0
1 1979 3305 3075 1 -1 0 0 3070 4500 -1 -1 -1 0
0 1979 3305 -1 -1 -1 0 1 3070 4600 1979 1 0 0
1 8989 3405 3070 1 0 0 0 3070 4600 -1 -1 -1 0
0 8989 3405 -1 -1 -1 0 1 8168 4600 5000 1 1 0
1 8989 3405 5000 1 1 0 0 8168 4600 -1 -1 -1 0
0 8989 3405 -1 -1 -1 0 1 8168 4600 7500 1 1 0
1 8989 3405 7500 1 1 0 0 8168 4600 -1 -1 -1 0
0 8989 3405 -1 -1 -1 0 1 8168 4600 8750 1 1 0
1 8989 3405 8750 1 -1 0 0 8168 4600 -1 -1 -1 0
0 8989 3405 -1 -1 -1 0 1 8168 4600 9375 1 -1 0
1 8989 3405 8125 1 1 0 0 8168 4600 -1 -1 -1 0
0 8989 3405 -1 -1 -1 0 1 8168 4600 9062 1 -1 0
1 8989 3405 8437 1 -1 0 0 8168 4600 -1 -1 -1 0
0 8989 3405 -1 -1 -1 0 1 8168 4600 8906 1 1 0
1 8989 3405 8281 1 -1 0 0 8168 4600 -1 -1 -1 0
0 8989 3405 -1 -1 -1 0 1 8168 4600 8984 1 1 0
1 8989 3405 8203 1 -1 0 0 8168 4600 -1 -1 -1 0
0 8989 3405 -1 -1 -1 0 1 8168 4600 9023 1 -1 0
1 8989 3405 8164 1 1 0 0 8168 4600 -1 -1 -1 0
0 8989 3405 -1 -1 -1 0 1 8168 4600 9003 1 -1 0
1 8989 3405 8183 1 -1 0 0 8168 4600 -1 -1 -1 0
0 8989 3405 -1 -1 -1 0 1 8168 4600 8993 1 -1 0
1 8989 3405 8173 1 -1 0 0 8168 4600 -1 -1 -1 0
0 8989 3405 -1 -1 -1 0 1 8168 4600 8988 1 1 0
1 8989 3505 8168 1 0 0 0 8168 4600 -1 -1 -1 0
0 8989 3505 -1 -1 -1 0 1 1394 4600 8990 1 -1 0
1 8989 3505 5000 1 -1 0 0 1394 4600 -1 -1 -1 0
0 8989 3505 -1 -1 -1 0 1 1394 4700 8989 1 0 0
1 1001 3505 2500 1 -1 0 0 1394 4700 -1 -1 -1 0
0 1001 3505 -1 -1 -1 0 1 1394 4700 5000 1 -1 0
1 1001 3505 1250 1 1 0 0 1394 4700 -1 -1 -1 0
0 1001 3505 -1 -1 -1 0 1 1394 4700 2500 1 -1 0
1 1001 3505 1875 1 -1 0 0 1394 4700 -1 -1 -1 0
0 1001 3505 -1 -1 -1 0 1 1394 4700 1250 1 -1 0
1 1001 3505 1562 1 -1 0 0 1394 4700 -1 -1 -1 0
0 1001 3505 -1 -1 -1 0 1 1394 4700 625 1 1 0
1 1001 3505 1406 1 -1 0 0 1394 4700 -1 -1 -1 0
0 1001 3505 -1 -1 -1 0 1 1394 4700 937 1 1 0
1 1001 3505 1328 1 1 0 0 1394 4700 -1 -1 -1 0
0 1001 3505 -1 -1 -1 0 1 1394 4700 1093 1 -1 0
1 1001 3505 1367 1 1 0 0 1394 4700 -1 -1 -1 0
0 1001 3505 -1 -1 -1 0 1 1394 4700 1015 1 -1 0
1 1001 3505 1386 1 1 0 0 1394 4700 -1 -1 -1 0
0 1001 3505 -1 -1 -1 0 1 1394 4700 976 1 1 0
1 1001 3505 1396 1 -1 0 0 1394 4700 -1 -1 -1 0
0 1001 3505 -1 -1 -1 0 1 1394 4700 995 1 1 0
1 1001 3505 1391 1 1 0 0 1394 4700 -1 -1 -1 0
0 1001 3505 -1 -1 -1 0 1 1394 4700 1005 1 -1 0
1 1001 3505 1393 1 1 0 0 1394 4700 -1 -1 -1 0
0 1001 3505 -1 -1 -1 0 1 1394 4700 1000 1 1 0
1 1001 3605 1394 1 0 0 0 1394 4700 -1 -1 -1 0
0 1001 3605 -1 -1 -1 0 1 8457 4700 1002 1 -1 0
1 1001 3605 5000 1 1 0 0 8457 4700 -1 -1 -1 0
0 1001 3605 -1 -1 -1 0 1 8457 4800 1001 1 0 0
1 97 3605 7500 1 1 0 0 8457 4800 -1 -1 -1 0
0 97 3605 -1 -1 -1 0 1 8457 4800 5000 1 -1 0
1 97 3605 8750 1 -1 0 0 8457 4800 -1 -1 -1 0
0 97 3605 -1 -1 -1 0 1 8457 4800 2500 1 -1 0
1 97 3605 8125 1 1 0 0 8457 4800 -1 -1 -1 0
0 97 3605 -1 -1 -1 0 1 8457 4800 1250 1 -1 0
1 97 3605 8437 1 1 0 0 8457 4800 -1 -1 -1 0
0 97 3605 -1 -1 -1 0 1 8457 4800 625 1 -1 0
1 97 3605 8593 1 -1 0 0 8457 4800 -1 -1 -1 0
0 97 3605 -1 -1 -1 0 1 8457 4800 312 1 -1 0
1 97 3605 8515 1 -1 0 0 8457 4800 -1 -1 -1 0
0 97 3605 -1 -1 -1 0 1 8457 4800 156 1 -1 0
1 97 3605 8476 1 -1 0 0 8457 4800 -1 -1 -1 0
0 97 3605 -1 -1 -1 0 1 8457 4800 78 1 1 0
1 97 3605 8456 1 1 0 0 8457 4800 -1 -1 -1 0
0 97 3605 -1 -1 -1 0 1 8457 4800 117 1 -1 0
1 97 3605 8466 1 -1 0 0 8457 4800 -1 -1 -1 0
0 97 3605 -1 -1 -1 0 1 8457 4900 97 1 0 0
1 1001 3605 8461 1 -1 0 0 8457 4900 -1 -1 -1 0
0 1001 3605 -1 -1 -1 0 1 8457 4900 5000 1 -1 0
1 1001 3605 8458 1 -1 0 0 8457 4900 -1 -1 -1 0
0 1001 3605 -1 -1 -1 0 1 8457 4900 2500 1 -1 0
1 1001 3705 8457 1 0 0 0 8457 4900 -1 -1 -1 0
0 1001 3705 -1 -1 -1 0 1 5012 4900 1250 1 -1 0
1 1001 3705 5000 1 1 0 0 5012 4900 -1 -1 -1 0
0 1001 3705 -1 -1 -1 0 1 5012 4900 625 1 1 0
1 1001 3705 7500 1 -1 0 0 5012 4900 -1 -1 -1 0
0 1001 3705 -1 -1 -1 0 1 5012 4900 937 1 1 0
1 1001 3705 6250 1 -1 0 0 5012 4900 -1 -1 -1 0
0 1001 3705 -1 -1 -1 0 1 5012 4900 1093 1 -1 0
1 1001 3705 5625 1 -1 0 0 5012 4900 -1 -1 -1 0
0 1001 3705 -1 -1 -1 0 1 5012 4900 1015 1 -1 0
1 1001 3705 5312 1 -1 0 0 5012 4900 -1 -1 -1 0
0 1001 3705 -1 -1 -1 0 1 5012 4900 976 1 1 0
1 1001 3705 5156 1 -1 0 0 5012 4900 -1 -1 -1 0
0 1001 3705 -1 -1 -1 0 1 5012 4900 995 1 1 0
1 1001 3705 5078 1 -1 0 0 5012 4900 -1 -1 -1 0
0 1001 3705 -1 -1 -1 0 1 5012 4900 1005 1 -1 0
1 1001 3705 5039 1 -1 0 0 5012 4900 -1 -1 -1 0
0 1001 3705 -1 -1 -1 0 1 5012 4900 1000 1 1 0
1 1001 3705 5019 1 -1 0 0 5012 4900 -1 -1 -1 0
0 1001 3705 -1 -1 -1 0 1 5012 4900 1002 1 -1 0
1 1001 3705 5009 1 1 0 0 5012 4900 -1 -1 -1 0
0 1001 3705 -1 -1 -1 0 1 5012 5000 1001 1 0 0
1 1001 3705 5014 1 -1 0 0 5012 5000 -1 -1 -1 0
0 1001 3705 -1 -1 -1 0 1 5012 5000 5000 1 -1 0
1 1001 3705 5011 1 1 0 0 5012 5000 -1 -1 -1 0
0 1001 3705 -1 -1 -1 0 1 5012 5000 2500 1 -1 0
1 1001 3805 5012 1 0 0 0 5012 5000 -1 -1 -1 0
0 1001 3805 -1 -1 -1 0 1 8043 5000 1250 1 -1 0
1 1001 3805 5000 1 1 0 0 8043 5000 -1 -1 -1 0
0 1001 3805 -1 -1 -1 0 1 8043 5000 625 1 1 0
1 1001 3805 7500 1 1 0 0 8043 5000 -1 -1 -1 0
0 1001 3805 -1 -1 -1 0 1 8043 5000 937 1 1 0
1 1001 3805 8750 1 -1 0 0 8043 5000 -1 -1 -1 0
0 1001 3805 -1 -1 -1 0 1 8043 5000 1093 1 -1 0
1 1001 3805 8125 1 -1 0 0 8043 5000 -1 -1 -1 0
0 1001 3805 -1 -1 -1 0 1 8043 5000 1015 1 -1 0
1 1001 3805 7812 1 1 0 0 8043 5000 -1 -1 -1 0
0 1001 3805 -1 -1 -1 0 1 8043 5000 976 1 1 0
1 1001 3805 7968 1 1 0 0 8043 5000 -1 -1 -1 0
0 1001 3805 -1 -1 -1 0 1 8043 5000 995 1 1 0
1 1001 3805 8046 1 -1 0 0 8043 5000 -1 -1 -1 0
0 1001 3805 -1 -1 -1 0 1 8043 5000 1005 1 -1 0
1 1001 3805 8007 1 1 0 0 8043 5000 -1 -1 -1 0
0 1001 3805 -1 -1 -1 0 1 8043 5000 1000 1 1 0
1 1001 3805 8026 1 1 0 0 8043 5000 -1 -1 -1 0
0 1001 3805 -1 -1 -1 0 1 8043 5000 1002 1 -1 0
1 1001 3805 8036 1 1 0 0 8043 5000 -1 -1 -1 0
0 1001 3805 -1 -1 -1 0 1 8043 5100 1001 1 0 0
1 8989 3805 8041 1 1 0 0 8043 5100 -1 -1 -1 0
0 8989 3805 -1 -1 -1 0 1 8043 5100 5000 1 1 0
1 8989 3905 8043 1 0 0 0 8043 5100 -1 -1 -1 0
0 8989 3905 -1 -1 -1 0 1 6230 5100 7500 1 1 0
1 8989 3905 5000 1 1 0 0 6230 5100 -1 -1 -1 0
0 8989 3905 -1 -1 -1 0 1 6230 5100 8750 1 1 0
1 8989 3905 7500 1 -1 0 0 6230 5100 -1 -1 -1 0
0 8989 3905 -1 -1 -1 0 1 6230 5100 9375 1 -1 0
1 8989 3905 6250 1 -1 0 0 6230 5100 -1 -1 -1 0
0 8989 3905 -1 -1 -1 0 1 6230 5100 9062 1 -1 0
1 8989 3905 5625 1 1 0 0 6230 5100 -1 -1 -1 0
0 8989 3905 -1 -1 -1 0 1 6230 5100 8906 1 1 0
1 8989 3905 5937 1 1 0 0 6230 5100 -1 -1 -1 0
0 8989 3905 -1 -1 -1 0 1 6230 5100 8984 1 1 0
1 8989 3905 6093 1 1 0 0 6230 5100 -1 -1 -1 0
0 8989 3905 -1 -1 -1 0 1 6230 5100 9023 1 -1 0
1 8989 3905 6171 1 1 0 0 6230 5100 -1 -1 -1 0
0 8989 3905 -1 -1 -1 0 1 6230 5100 9003 1 -1 0
1 8989 3905 6210 1 1 0 0 6230 5100 -1 -1 -1 0
0 8989 3905 -1 -1 -1 0 1 6230 5100 8993 1 -1 0
1 8989 4005 6230 1 0 0 0 6230 5100 -1 -1 -1 0
0 8989 4005 -1 -1 -1 0 1 7374 5100 8988 1 1 0
1 8989 4005 5000 1 1 0 0 7374 5100 -1 -1 -1 0
0 8989 4005 -1 -1 -1 0 1 7374 5100 8990 1 -1 0
1 8989 4005 7500 1 -1 0 0 7374 5100 -1 -1 -1 0
0 8989 4005 -1 -1 -1 0 1 7374 5200 8989 1 0 0
1 1 4005 6250 1 1 0 0 7374 5200 -1 -1 -1 0
0 1 4005 -1 -1 -1 0 1 7374 5200 5000 1 -1 0
1 1 4005 6875 1 1 0 0 7374 5200 -1 -1 -1 0
0 1 4005 -1 -1 -1 0 1 7374 5200 2500 1 -1 0
1 1 4005 7187 1 1 0 0 7374 5200 -1 -1 -1 0
0 1 4005 -1 -1 -1 0 1 7374 5200 1250 1 -1 0
1 1 4005 7343 1 1 0 0 7374 5200 -1 -1 -1 0
0 1 4005 -1 -1 -1 0 1 7374 5200 625 1 -1 0
1 1 4005 7421 1 -1 0 0 7374 5200 -1 -1 -1 0
0 1 4005 -1 -1 -1 0 1 7374 5200 312 1 -1 0
1 1 4005 7382 1 -1 0 0 7374 5200 -1 -1 -1 0
0 1 4005 -1 -1 -1 0 1 7374 5200 156 1 -1 0
1 1 4005 7362 1 1 0 0 7374 5200 -1 -1 -1 0
0 1 4005 -1 -1 -1 0 1 7374 5200 78 1 -1 0
1 1 4005 7372 1 1 0 0 7374 5200 -1 -1 -1 0
0 1 4005 -1 -1 -1 0 1 7374 5200 39 1 -1 0
1 1 4005 7377 1 -1 0 0 7374 5200 -1 -1 -1 0
0 1 4005 -1 -1 -1 0 1 7374 5200 19 1 -1 0
1 1 4105 7374 1 0 0 0 7374 5200 -1 -1 -1 0
0 1 4105 -1 -1 -1 0 1 4422 5200 9 1 -1 0
1 1 4105 5000 1 -1 0 0 4422 5200 -1 -1 -1 0
0 1 4105 -1 -1 -1 0 1 4422 5200 4 1 -1 0
1 1 4105 2500 1 1 0 0 4422 5200 -1 -1 -1 0
0 1 4105 -1 -1 -1 0 1 4422 5200 2 1 -1 0
1 1 4105 3750 1 1 0 0 4422 5200 -1 -1 -1 0
0 1 4105 -1 -1 -1 0 1 4422 5300 1 1 0 0
1 8989 4105 4375 1 1 0 0 4422 5300 -1 -1 -1 0
0 8989 4105 -1 -1 -1 0 1 4422 5300 5000 1 1 0
1 8989 4105 4687 1 -1 0 0 4422 5300 -1 -1 -1 0
0 8989 4105 -1 -1 -1 0 1 4422 5300 7500 1 1 0
1 8989 4105 4531 1 -1 0 0 4422 5300 -1 -1 -1 0
0 8989 4105 -1 -1 -1 0 1 4422 5300 8750 1 1 0
1 8989 4105 4453 1 -1 0 0 4422 5300 -1 -1 -1 0
0 8989 4105 -1 -1 -1 0 1 4422 5300 9375 1 -1 0
1 8989 4105 4414 1 1 0 0 4422 5300 -1 -1 -1 0
0 8989 4105 -1 -1 -1 0 1 4422 5300 9062 1 -1 0
1 8989 4105 4433 1 -1 0 0 4422 5300 -1 -1 -1 0
0 8989 4105 -1 -1 -1 0 1 4422 5300 8906 1 1 0
1 8989 4105 4423 1 -1 0 0 4422 5300 -1 -1 -1 0
0 8989 4105 -1 -1 -1 0 1 4422 5300 8984 1 1 0
1 8989 4105 4418 1 1 0 0 4422 5300 -1 -1 -1 0
0 8989 4105 -1 -1 -1 0 1 4422 5300 9023 1 -1 0
1 8989 4105 4420 1 1 0 0 4422 5300 -1 -1 -1 0
0 8989 4105 -1 -1 -1 0 1 4422 5300 9003 1 -1 0
1 8989 4105 4421 1 1 0 0 4422 5300 -1 -1 -1 0
0 8989 4105 -1 -1 -1 0 1 4422 5300 8993 1 -1 0
1 8989 4205 4422 1 0 0 0 4422 5300 -1 -1 -1 0
0 8989 4205 -1 -1 -1 0 1 4920 5300 8988 1 1 0
1 8989 4205 5000 1 -1 0 0 4920 5300 -1 -1 -1 0
0 8989 4205 -1 -1 -1 0 1 4920 5300 8990 1 -1 0
1 8989 4205 2500 1 1 0 0 4920 5300 -1 -1 -1 0
0 8989 4205 -1 -1 -1 0 1 4920 5400 8989 1 0 0
1 10000 4205 3750 1 1 0 0 4920 5400 -1 -1 -1 0
0 10000 4205 -1 -1 -1 0 1 4920 5400 5000 1 1 0
1 10000 4205 4375 1 1 0 0 4920 5400 -1 -1 -1 0
0 10000 4205 -1 -1 -1 0 1 4920 5400 7500 1 1 0
1 9993 4205 4687 1 1 0 0 4920 5400 -1 -1 -1 0
0 9993 4205 -1 -1 -1 0 1 4920 5400 8750 1 1 0
1 9993 4205 4843 1 1 0 0 4920 5400 -1 -1 -1 0
0 9993 4205 -1 -1 -1 0 1 4920 5400 9375 1 1 0
1 9993 4205 4921 1 -1 0 0 4920 5400 -1 -1 -1 0
0 9993 4205 -1 -1 -1 0 1 4920 5400 9688 1 1 0
1 9993 4205 4882 1 1 0 0 4920 5400 -1 -1 -1 0
0 9993 4205 -1 -1 -1 0 1 4920 5400 9844 1 1 0
1 9993 4205 4901 1 1 0 0 4920 5400 -1 -1 -1 0
0 9993 4205 -1 -1 -1 0 1 4920 5400 9922 1 1 0
1 9993 4205 4911 1 1 0 0 4920 5400 -1 -1 -1 0
0 9993 4205 -1 -1 -1 0 1 4920 5400 9961 1 1 0
1 9993 4205 4916 1 1 0 0 4920 5400 -1 -1 -1 0
0 9993 4205 -1 -1 -1 0 1 4920 5400 9981 1 1 0
1 9993 4205 4918 1 1 0 0 4920 5400 -1 -1 -1 0
0 9993 4205 -1 -1 -1 0 1 4920 5400 9991 1 1 0
1 9993 4205 4919 1 1 0 0 4920 5400 -1 -1 -1 0
0 9993 4205 -1 -1 -1 0 1 4920 5400 9996 1 -1 0
1 9993 4305 4920 1 0 0 0 4920 5400 -1 -1 -1 0
0 9993 4305 -1 -1 -1 0 1 3785 5500 9993 1 0 0
1 1001 4305 5000 1 -1 0 0 3785 5500 -1 -1 -1 0
0 1001 4305 -1 -1 -1 0 1 3785 5500 5000 1 -1 0
1 1001 4305 2500 1 1 0 0 3785 5500 -1 -1 -1 0
0 1001 4305 -1 -1 -1 0 1 3785 5500 2500 1 -1 0
1 1001 4305 3750 1 1 0 0 3785 5500 -1 -1 -1 0
0 1001 4305 -1 -1 -1 0 1 3785 5500 1250 1 -1 0
1 1001 4305 4375 1 -1 0 0 3785 5500 -1 -1 -1 0
0 1001 4305 -1 -1 -1 0 1 3785 5500 625 1 1 0
1 1001 4305 4062 1 -1 0 0 3785 5500 -1 -1 -1 0
0 1001 4305 -1 -1 -1 0 1 3785 5500 937 1 1 0
1 1001 4305 3906 1 -1 0 0 3785 5500 -1 -1 -1 0
0 1001 4305 -1 -1 -1 0 1 3785 5500 1093 1 -1 0
1 1001 4305 3828 1 -1 0 0 3785 5500 -1 -1 -1 0
0 1001 4305 -1 -1 -1 0 1 3785 5500 1015 1 -1 0
1 1001 4305 3789 1 -1 0 0 3785 5500 -1 -1 -1 0
0 1001 4305 -1 -1 -1 0 1 3785 5500 976 1 1 0
1 1001 4305 3769 1 1 0 0 3785 5500 -1 -1 -1 0
0 1001 4305 -1 -1 -1 0 1 3785 5500 995 1 1 0
1 1001 4305 3779 1 1 0 0 3785 5500 -1 -1 -1 0
0 1001 4305 -1 -1 -1 0 1 3785 5500 1005 1 -1 0
1 1001 4305 3784 1 1 0 0 3785 5500 -1 -1 -1 0
0 1001 4305 -1 -1 -1 0 1 3785 5500 1000 1 1 0
1 1001 4305 3786 1 -1 0 0 3785 5500 -1 -1 -1 0
0 1001 4305 -1 -1 -1 0 1 3785 5500 1002 1 -1 0
1 1001 4405 3785 1 0 0 0 3785 5500 -1 -1 -1 0
0 1001 4405 -1 -1 -1 0 1 8538 5600 1001 1 0 0
1 1001 4405 5000 1 1 0 0 8538 5600 -1 -1 -1 0
0 1001 4405 -1 -1 -1 0 1 8538 5600 5000 1 -1 0
1 1001 4405 7500 1 1 0 0 8538 5600 -1 -1 -1 0
0 1001 4405 -1 -1 -1 0 1 8538 5600 2500 1 -1 0
1 1001 4405 8750 1 -1 0 0 8538 5600 -1 -1 -1 0
0 1001 4405 -1 -1 -1 0 1 8538 5600 1250 1 -1 0
1 1001 4405 8125 1 1 0 0 8538 5600 -1 -1 -1 0
0 1001 4405 -1 -1 -1 0 1 8538 5600 625 1 1 0
1 1001 4405 8437 1 1 0 0 8538 5600 -1 -1 -1 0
0 1001 4405 -1 -1 -1 0 1 8538 5600 937 1 1 0
1 1001 4405 8593 1 -1 0 0 8538 5600 -1 -1 -1 0
0 1001 4405 -1 -1 -1 0 1 8538 5600 1093 1 -1 0
1 1001 4405 8515 1 1 0 0 8538 5600 -1 -1 -1 0
0 1001 4405 -1 -1 -1 0 1 8538 5600 1015 1 -1 0
1 1001 4405 8554 1 -1 0 0 8538 5600 -1 -1 -1 0
0 1001 4405 -1 -1 -1 0 1 8538 5600 976 1 1 0
1 1001 4405 8534 1 1 0 0 8538 5600 -1 -1 -1 0
0 1001 4405 -1 -1 -1 0 1 8538 5600 995 1 1 0
1 1001 4405 8544 1 -1 0 0 8538 5600 -1 -1 -1 0
0 1001 4405 -1 -1 -1 0 1 8538 5600 1005 1 -1 0
1 1001 4405 8539 1 -1 0 0 8538 5600 -1 -1 -1 0
0 1001 4405 -1 -1 -1 0 1 8538 5600 1000 1 1 0
1 1001 4405 8536 1 1 0 0 8538 5600 -1 -1 -1 0
0 1001 4405 -1 -1 -1 0 1 8538 5600 1002 1 -1 0
1 1001 4405 8537 1 1 0 0 8538 5600 -1 -1 -1 0
0 1001 4405 -1 -1 -1 0 1 8538 5700 1001 1 0 0
1 1979 4505 8538 1 0 0 0 8538 5700 -1 -1 -1 0
0 1979 4505 -1 -1 -1 0 1 5199 5700 5000 1 -1 0
1 1979 4505 5000 1 1 0 0 5199 5700 -1 -1 -1 0
0 1979 4505 -1 -1 -1 0 1 5199 5700 2500 1 -1 0
1 1979 4505 7500 1 -1 0 0 5199 5700 -1 -1 -1 0
0 1979 4505 -1 -1 -1 0 1 5199 5700 1250 1 1 0
1 1979 4505 6250 1 -1 0 0 5199 5700 -1 -1 -1 0
0 1979 4505 -1 -1 -1 0 1 5199 5700 1875 1 1 0
1 1979 4505 5625 1 -1 0 0 5199 5700 -1 -1 -1 0
0 1979 4505 -1 -1 -1 0 1 5199 5700 2187 1 -1 0
1 1979 4505 5312 1 -1 0 0 5199 5700 -1 -1 -1 0
0 1979 4505 -1 -1 -1 0 1 5199 5700 2031 1 -1 0
1 1979 4505 5156 1 1 0 0 5199 5700 -1 -1 -1 0
0 1979 4505 -1 -1 -1 0 1 5199 5700 1953 1 1 0
1 1979 4505 5234 1 -1 0 0 5199 5700 -1 -1 -1 0
0 1979 4505 -1 -1 -1 0 1 5199 5700 1992 1 -1 0
1 1979 4505 5195 1 1 0 0 5199 5700 -1 -1 -1 0
0 1979 4505 -1 -1 -1 0 1 5199 5700 1972 1 1 0
1 1979 4505 5214 1 -1 0 0 5199 5700 -1 -1 -1 0
0 1979 4505 -1 -1 -1 0 1 5199 5700 1982 1 -1 0
1 1979 4505 5204 1 -1 0 0 5199 5700 -1 -1 -1 0
0 1979 4505 -1 -1 -1 0 1 5199 5700 1977 1 1 0
1 1979 4605 5199 1 0 0 0 5199 5700 -1 -1 -1 0
0 1979 4605 -1 -1 -1 0 1 4325 5800 1979 1 0 0
1 1001 4605 5000 1 -1 0 0 4325 5800 -1 -1 -1 0
0 1001 4605 -1 -1 -1 0 1 4325 5800 5000 1 -1 0
1 1001 4605 2500 1 1 0 0 4325 5800 -1 -1 -1 0
0 1001 4605 -1 -1 -1 0 1 4325 5800 2500 1 -1 0
1 1001 4605 3750 1 1 0 0 4325 5800 -1 -1 -1 0
0 1001 4605 -1 -1 -1 0 1 4325 5800 1250 1 -1 0
1 1001 4605 4375 1 -1 0 0 4325 5800 -1 -1 -1 0
0 1001 4605 -1 -1 -1 0 1 4325 5800 625 1 1 0
1 1001 4605 4062 1 1 0 0 4325 5800 -1 -1 -1 0
0 1001 4605 -1 -1 -1 0 1 4325 5800 937 1 1 0
1 1001 4605 4218 1 1 0 0 4325 5800 -1 -1 -1 0
0 1001 4605 -1 -1 -1 0 1 4325 5800 1093 1 -1 0
1 1001 4605 4296 1 1 0 0 4325 5800 -1 -1 -1 0
0 1001 4605 -1 -1 -1 0 1 4325 5800 1015 1 -1 0
1 1001 4605 4335 1 -1 0 0 4325 5800 -1 -1 -1 0
0 1001 4605 -1 -1 -1 0 1 4325 5800 976 1 1 0
1 1001 4605 4315 1 1 0 0 4325 5800 -1 -1 -1 0
0 1001 4605 -1 -1 -1 0 1 4325 5800 995 1 1 0
1 1001 4705 4325 1 0 0 0 4325 5800 -1 -1 -1 0
0 1001 4705 -1 -1 -1 0 1 8316 5800 1005 1 -1 0
1 1001 4705 5000 1 1 0 0 8316 5800 -1 -1 -1 0
0 1001 4705 -1 -1 -1 0 1 8316 5800 1000 1 1 0
1 1001 4705 7500 1 1 0 0 8316 5800 -1 -1 -1 0
0 1001 4705 -1 -1 -1 0 1 8316 5800 1002 1 -1 0
1 1001 4705 8750 1 -1 0 0 8316 5800 -1 -1 -1 0
0 1001 4705 -1 -1 -1 0 1 8316 5900 1001 1 0 0
1 1001 4705 8125 1 1 0 0 8316 5900 -1 -1 -1 0
0 1001 4705 -1 -1 -1 0 1 8316 5900 5000 1 -1 0
1 1001 4705 8437 1 -1 0 0 8316 5900 -1 -1 -1 0
0 1001 4705 -1 -1 -1 0 1 8316 5900 2500 1 -1 0
1 1001 4705 8281 1 1 0 0 8316 5900 -1 -1 -1 0
0 1001 4705 -1 -1 -1 0 1 8316 5900 1250 1 -1 0
1 1001 4705 8359 1 -1 0 0 8316 5900 -1 -1 -1 0
0 1001 4705 -1 -1 -1 0 1 8316 5900 625 1 1 0
1 1001 4705 8320 1 -1 0 0 8316 5900 -1 -1 -1 0
0 1001 4705 -1 -1 -1 0 1 8316 5900 937 1 1 0
1 1001 4705 8300 1 1 0 0 8316 5900 -1 -1 -1 0
0 1001 4705 -1 -1 -1 0 1 8316 5900 1093 1 -1 0
1 1001 4705 8310 1 1 0 0 8316 5900 -1 -1 -1 0
0 1001 4705 -1 -1 -1 0 1 8316 5900 1015 1 -1 0
1 1001 4705 8315 1 1 0 0 8316 5900 -1 -1 -1 0
0 1001 4705 -1 -1 -1 0 1 8316 5900 976 1 1 0
1 1001 4705 8317 1 -1 0 0 8316 5900 -1 -1 -1 0
0 1001 4705 -1 -1 -1 0 1 8316 5900 995 1 1 0
1 1001 4805 8316 1 0 0 0 8316 5900 -1 -1 -1 0
0 1001 4805 -1 -1 -1 0 1 4371 5900 1005 1 -1 0
1 1001 4805 5000 1 -1 0 0 4371 5900 -1 -1 -1 0
0 1001 4805 -1 -1 -1 0 1 4371 5900 1000 1 1 0
1 1001 4805 2500 1 1 0 0 4371 5900 -1 -1 -1 0
0 1001 4805 -1 -1 -1 0 1 4371 5900 1002 1 -1 0
1 1001 4805 3750 1 1 0 0 4371 5900 -1 -1 -1 0
0 1001 4805 -1 -1 -1 0 1 4371 6000 1001 1 0 0
1 10000 4805 4375 1 -1 0 0 4371 6000 -1 -1 -1 0
0 10000 4805 -1 -1 -1 0 1 4371 6000 5000 1 1 0
1 10000 4805 4062 1 1 0 0 4371 6000 -1 -1 -1 0
0 10000 4805 -1 -1 -1 0 1 4371 6000 7500 1 1 0
1 10000 4805 4218 1 1 0 0 4371 6000 -1 -1 -1 0
0 10000 4805 -1 -1 -1 0 1 4371 6000 8750 1 1 0
1 10000 4805 4296 1 1 0 0 4371 6000 -1 -1 -1 0
0 10000 4805 -1 -1 -1 0 1 4371 6000 9375 1 1 0
1 10000 4805 4335 1 1 0 0 4371 6000 -1 -1 -1 0
0 10000 4805 -1 -1 -1 0 1 4371 6000 9688 1 1 0
1 10000 4805 4355 1 1 0 0 4371 6000 -1 -1 -1 0
0 10000 4805 -1 -1 -1 0 1 4371 6000 9844 1 1 0
1 10000 4805 4365 1 1 0 0 4371 6000 -1 -1 -1 0
0 10000 4805 -1 -1 -1 0 1 4371 6000 9922 1 1 0
1 10000 4805 4370 1 1 0 0 4371 6000 -1 -1 -1 0
0 10000 4805 -1 -1 -1 0 1 4371 6000 9961 1 1 0
1 10000 4805 4372 1 -1 0 0 4371 6000 -1 -1 -1 0
0 10000 4805 -1 -1 -1 0 1 4371 6000 9981 1 1 0
1 10000 4905 4371 1 0 0 0 4371 6000 -1 -1 -1 0
0 10000 4905 -1 -1 -1 0 1 6414 6000 9991 1 1 0
1 10000 4905 5000 1 1 0 0 6414 6000 -1 -1 -1 0
0 10000 4905 -1 -1 -1 0 1 6414 6000 9996 1 1 0
1 10000 4905 7500 1 -1 0 0 6414 6000 -1 -1 -1 0
0 10000 4905 -1 -1 -1 0 1 6414 6000 9998 1 1 0
1 10000 4905 6250 1 1 0 0 6414 6000 -1 -1 -1 0
0 10000 4905 -1 -1 -1 0 1 6414 6000 9999 1 1 0
1 10000 4905 6875 1 -1 0 0 6414 6000 -1 -1 -1 0
0 10000 4905 -1 -1 -1 0 1 6414 6100 10000 1 0 0
1 97 4905 6562 1 -1 0 0 6414 6100 -1 -1 -1 0
0 97 4905 -1 -1 -1 0 1 6414 6100 5000 1 -1 0
1 97 4905 6406 1 1 0 0 6414 6100 -1 -1 -1 0
0 97 4905 -1 -1 -1 0 1 6414 6100 2500 1 -1 0
1 97 4905 6484 1 -1 0 0 6414 6100 -1 -1 -1 0
0 97 4905 -1 -1 -1 0 1 6414 6100 1250 1 -1 0
1 97 4905 6445 1 -1 0 0 6414 6100 -1 -1 -1 0
0 97 4905 -1 -1 -1 0 1 6414 6100 625 1 -1 0
1 97 4905 6425 1 -1 0 0 6414 6100 -1 -1 -1 0
0 97 4905 -1 -1 -1 0 1 6414 6100 312 1 -1 0
1 97 4905 6415 1 -1 0 0 6414 6100 -1 -1 -1 0
0 97 4905 -1 -1 -1 0 1 6414 6100 156 1 -1 0
1 97 4905 6410 1 1 0 0 6414 6100 -1 -1 -1 0
0 97 4905 -1 -1 -1 0 1 6414 6100 78 1 1 0
1 97 4905 6412 1 1 0 0 6414 6100 -1 -1 -1 0
0 97 4905 -1 -1 -1 0 1 6414 6100 117 1 -1 0
1 97 4905 6413 1 1 0 0 6414 6100 -1 -1 -1 0
0 97 4905 -1 -1 -1 0 1 6414 6200 97 1 0 0
1 1979 5005 6414 1 0 0 0 6414 6200 -1 -1 -1 0
0 1979 5005 -1 -1 -1 0 1 3527 6200 5000 1 -1 0
1 1979 5005 5000 1 -1 0 0 3527 6200 -1 -1 -1 0
0 1979 5005 -1 -1 -1 0 1 3527 6200 2500 1 -1 0
1 1979 5005 2500 1 1 0 0 3527 6200 -1 -1 -1 0
0 1979 5005 -1 -1 -1 0 1 3527 6200 1250 1 1 0
1 1979 5005 3750 1 -1 0 0 3527 6200 -1 -1 -1 0
0 1979 5005 -1 -1 -1 0 1 3527 6200 1875 1 1 0
1 1979 5005 3125 1 1 0 0 3527 6200 -1 -1 -1 0
0 1979 5005 -1 -1 -1 0 1 3527 6200 2187 1 -1 0
1 1979 5005 3437 1 1 0 0 3527 6200 -1 -1 -1 0
0 1979 5005 -1 -1 -1 0 1 3527 6200 2031 1 -1 0
1 1979 5005 3593 1 -1 0 0 3527 6200 -1 -1 -1 0
0 1979 5005 -1 -1 -1 0 1 3527 6200 1953 1 1 0
1 1979 5005 3515 1 1 0 0 3527 6200 -1 -1 -1 0
0 1979 5005 -1 -1 -1 0 1 3527 6200 1992 1 -1 0
1 1979 5005 3554 1 -1 0 0 3527 6200 -1 -1 -1 0
0 1979 5005 -1 -1 -1 0 1 3527 6200 1972 1 1 0
1 1979 5005 3534 1 -1 0 0 3527 6200 -1 -1 -1 0
0 1979 5005 -1 -1 -1 0 1 3527 6200 1982 1 -1 0
1 1979 5005 3524 1 1 0 0 3527 6200 -1 -1 -1 0
0 1979 5005 -1 -1 -1 0 1 3527 6200 1977 1 1 0
1 1979 5005 3529 1 -1 0 0 3527 6200 -1 -1 -1 0
0 1979 5005 -1 -1 -1 0 1 3527 6300 1979 1 0 0
1 1979 5005 3526 1 1 0 0 3527 6300 -1 -1 -1 0
0 1979 5005 -1 -1 -1 0 1 3527 6300 5000 1 -1 0
1 1979 5105 3527 1 0 0 0 3527 6300 -1 -1 -1 0
0 1979 5105 -1 -1 -1 0 1 6092 6300 2500 1 -1 0
1 1979 5105 5000 1 1 0 0 6092 6300 -1 -1 -1 0
0 1979 5105 -1 -1 -1 0 1 6092 6300 1250 1 1 0
1 1979 5105 7500 1 -1 0 0 6092 6300 -1 -1 -1 0
0 1979 5105 -1 -1 -1 0 1 6092 6300 1875 1 1 0
1 1979 5105 6250 1 -1 0 0 6092 6300 -1 -1 -1 0
0 1979 5105 -1 -1 -1 0 1 6092 6300 2187 1 -1 0
1 1979 5105 5625 1 1 0 0 6092 6300 -1 -1 -1 0
0 1979 5105 -1 -1 -1 0 1 6092 6300 2031 1 -1 0
1 1979 5105 5937 1 1 0 0 6092 6300 -1 -1 -1 0
0 1979 5105 -1 -1 -1 0 1 6092 6300 1953 1 1 0
1 1979 5105 6093 1 -1 0 0 6092 6300 -1 -1 -1 0
0 1979 5105 -1 -1 -1 0 1 6092 6300 1992 1 -1 0
1 1979 5105 6015 1 1 0 0 6092 6300 -1 -1 -1 0
0 1979 5105 -1 -1 -1 0 1 6092 6300 1972 1 1 0
1 1979 5105 6054 1 1 0 0 6092 6300 -1 -1 -1 0
0 1979 5105 -1 -1 -1 0 1 6092 6300 1982 1 -1 0
1 1979 5105 6073 1 1 0 0 6092 6300 -1 -1 -1 0
0 1979 5105 -1 -1 -1 0 1 6092 6300 1977 1 1 0
1 1979 5105 6083 1 1 0 0 6092 6300 -1 -1 -1 0
0 1979 5105 -1 -1 -1 0 1 6092 6400 1979 1 0 0
1 1001 5105 6088 1 1 0 0 6092 6400 -1 -1 -1 0
0 1001 5105 -1 -1 -1 0 1 6092 6400 5000 1 -1 0
1 1001 5105 6090 1 1 0 0 6092 6400 -1 -1 -1 0
0 1001 5105 -1 -1 -1 0 1 6092 6400 2500 1 -1 0
1 1001 5105 6091 1 1 0 0 6092 6400 -1 -1 -1 0
0 1001 5105 -1 -1 -1 0 1 6092 6400 1250 1 -1 0
1 1001 5205 6092 1 0 0 0 6092 6400 -1 -1 -1 0
0 1001 5205 -1 -1 -1 0 1 8981 6400 625 1 1 0
1 1001 5205 5000 1 1 0 0 8981 6400 -1 -1 -1 0
0 1001 5205 -1 -1 -1 0 1 8981 6400 937 1 1 0
1 1001 5205 7500 1 1 0 0 8981 6400 -1 -1 -1 0
0 1001 5205 -1 -1 -1 0 1 8981 6400 1093 1 -1 0
1 1001 5205 8750 1 1 0 0 8981 6400 -1 -1 -1 0
0 1001 5205 -1 -1 -1 0 1 8981 6400 1015 1 -1 0
1 1001 5205 9375 1 -1 0 0 8981 6400 -1 -1 -1 0
0 1001 5205 -1 -1 -1 0 1 8981 6400 976 1 1 0
1 1001 5205 9062 1 -1 0 0 8981 6400 -1 -1 -1 0
0 1001 5205 -1 -1 -1 0 1 8981 6400 995 1 1 0
1 1001 5205 8906 1 1 0 0 8981 6400 -1 -1 -1 0
0 1001 5205 -1 -1 -1 0 1 8981 6400 1005 1 -1 0
1 1001 5205 8984 1 -1 0 0 8981 6400 -1 -1 -1 0
0 1001 5205 -1 -1 -1 0 1 8981 6400 1000 1 1 0
1 1001 5205 8945 1 1 0 0 8981 6400 -1 -1 -1 0
0 1001 5205 -1 -1 -1 0 1 8981 6400 1002 1 -1 0
1 1001 5205 8964 1 1 0 0 8981 6400 -1 -1 -1 0
0 1001 5205 -1 -1 -1 0 1 8981 6500 1001 1 0 0
1 1979 5205 8974 1 1 0 0 8981 6500 -1 -1 -1 0
0 1979 5205 -1 -1 -1 0 1 8981 6500 5000 1 -1 0
1 1979 5205 8979 1 1 0 0 8981 6500 -1 -1 -1 0
0 1979 5205 -1 -1 -1 0 1 8981 6500 2500 1 -1 0
1 1979 5305 8981 1 0 0 0 8981 6500 -1 -1 -1 0
0 1979 5305 -1 -1 -1 0 1 9957 6500 1250 1 1 0
1 1979 5305 5000 1 1 0 0 9957 6500 -1 -1 -1 0
0 1979 5305 -1 -1 -1 0 1 9957 6500 1875 1 1 0
1 1979 5305 7500 1 1 0 0 9957 6500 -1 -1 -1 0
0 1979 5305 -1 -1 -1 0 1 9957 6500 2187 1 -1 0
1 1979 5305 8750 1 1 0 0 9957 6500 -1 -1 -1 0
0 1979 5305 -1 -1 -1 0 1 9957 6500 2031 1 -1 0
1 1979 5305 9375 1 1 0 0 9957 6500 -1 -1 -1 0
0 1979 5305 -1 -1 -1 0 1 9957 6500 1953 1 1 0
1 1979 5305 9687 1 1 0 0 9957 6500 -1 -1 -1 0
0 1979 5305 -1 -1 -1 0 1 9957 6500 1992 1 -1 0
1 1979 5305 9843 1 1 0 0 9957 6500 -1 -1 -1 0
0 1979 5305 -1 -1 -1 0 1 9957 6500 1972 1 1 0
1 1979 5305 9921 1 1 0 0 9957 6500 -1 -1 -1 0
0 1979 5305 -1 -1 -1 0 1 9957 6500 1982 1 -1 0
1 1979 5305 9960 1 -1 0 0 9957 6500 -1 -1 -1 0
0 1979 5305 -1 -1 -1 0 1 9957 6500 1977 1 1 0
1 1979 5305 9940 1 1 0 0 9957 6500 -1 -1 -1 0
0 1979 5305 -1 -1 -1 0 1 9957 6600 1979 1 0 0
1 1001 5305 9950 1 1 0 0 9957 6600 -1 -1 -1 0
0 1001 5305 -1 -1 -1 0 1 9957 6600 5000 1 -1 0
1 1001 5305 9955 1 1 0 0 9957 6600 -1 -1 -1 0
0 1001 5305 -1 -1 -1 0 1 9957 6600 2500 1 -1 0
1 1001 5405 9957 1 0 0 0 9957 6600 -1 -1 -1 0
0 1001 5405 -1 -1 -1 0 1 1874 6600 1250 1 -1 0
1 1001 5405 5000 1 -1 0 0 1874 6600 -1 -1 -1 0
0 1001 5405 -1 -1 -1 0 1 1874 6600 625 1 1 0
1 1001 5405 2500 1 -1 0 0 1874 6600 -1 -1 -1 0
0 1001 5405 -1 -1 -1 0 1 1874 6600 937 1 1 0
1 1001 5405 1250 1 1 0 0 1874 6600 -1 -1 -1 0
0 1001 5405 -1 -1 -1 0 1 1874 6600 1093 1 -1 0
1 1001 5405 1875 1 -1 0 0 1874 6600 -1 -1 -1 0
0 1001 5405 -1 -1 -1 0 1 1874 6600 1015 1 -1 0
1 1001 5405 1562 1 1 0 0 1874 6600 -1 -1 -1 0
0 1001 5405 -1 -1 -1 0 1 1874 6600 976 1 1 0
1 1001 5405 1718 1 1 0 0 1874 6600 -1 -1 -1 0
0 1001 5405 -1 -1 -1 0 1 1874 6600 995 1 1 0
1 1001 5405 1796 1 1 0 0 1874 6600 -1 -1 -1 0
0 1001 5405 -1 -1 -1 0 1 1874 6600 1005 1 -1 0
1 1001 5405 1835 1 1 0 0 1874 6600 -1 -1 -1 0
0 1001 5405 -1 -1 -1 0 1 1874 6600 1000 1 1 0
1 1001 5405 1855 1 1 0 0 1874 6600 -1 -1 -1 0
0 1001 5405 -1 -1 -1 0 1 1874 6600 1002 1 -1 0
1 1001 5405 1865 1 1 0 0 1874 6600 -1 -1 -1 0
0 1001 5405 -1 -1 -1 0 1 1874 6700 1001 1 0 0
1 8989 5405 1870 1 1 0 0 1874 6700 -1 -1 -1 0
0 8989 5405 -1 -1 -1 0 1 1874 6700 5000 1 1 0
1 8989 5405 1872 1 1 0 0 1874 6700 -1 -1 -1 0
0 8989 5405 -1 -1 -1 0 1 1874 6700 7500 1 1 0
1 8989 5405 1873 1 1 0 0 1874 6700 -1 -1 -1 0
0 8989 5405 -1 -1 -1 0 1 1874 6700 8750 1 1 0
1 8989 5505 1874 1 0 0 0 1874 6700 -1 -1 -1 0
0 8989 5505 -1 -1 -1 0 1 6863 6700 9375 1 -1 0
1 8989 5505 5000 1 1 0 0 6863 6700 -1 -1 -1 0
0 8989 5505 -1 -1 -1 0 1 6863 6700 9062 1 -1 0
1 8989 5505 7500 1 -1 0 0 6863 6700 -1 -1 -1 0
0 8989 5505 -1 -1 -1 0 1 6863 6700 8906 1 1 0
1 8989 5505 6250 1 1 0 0 6863 6700 -1 -1 -1 0
0 8989 5505 -1 -1 -1 0 1 6863 6700 8984 1 1 0
1 8989 5505 6875 1 -1 0 0 6863 6700 -1 -1 -1 0
0 8989 5505 -1 -1 -1 0 1 6863 6700 9023 1 -1 0
1 8989 5505 6562 1 1 0 0 6863 6700 -1 -1 -1 0
0 8989 5505 -1 -1 -1 0 1 6863 6700 9003 1 -1 0
1 8989 5505 6718 1 1 0 0 6863 6700 -1 -1 -1 0
0 8989 5505 -1 -1 -1 0 1 6863 6700 8993 1 -1 0
1 8989 5505 6796 1 1 0 0 6863 6700 -1 -1 -1 0
0 8989 5505 -1 -1 -1 0 1 6863 6700 8988 1 1 0
1 8989 5505 6835 1 1 0 0 6863 6700 -1 -1 -1 0
0 8989 5505 -1 -1 -1 0 1 6863 6700 8990 1 -1 0
1 8989 5505 6855 1 1 0 0 6863 6700 -1 -1 -1 0
0 8989 5505 -1 -1 -1 0 1 6863 6800 8989 1 0 0
1 10000 5505 6865 1 -1 0 0 6863 6800 -1 -1 -1 0
0 10000 5505 -1 -1 -1 0 1 6863 6800 5000 1 1 0
1 10000 5505 6860 1 1 0 0 6863 6800 -1 -1 -1 0
0 10000 5505 -1 -1 -1 0 1 6863 6800 7500 1 1 0
1 10000 5505 6862 1 1 0 0 6863 6800 -1 -1 -1 0
0 10000 5505 -1 -1 -1 0 1 6863 6800 8750 1 1 0
1 10000 5605 6863 1 0 0 0 6863 6800 -1 -1 -1 0
0 10000 5605 -1 -1 -1 0 1 9171 6800 9375 1 1 0
1 10000 5605 5000 1 1 0 0 9171 6800 -1 -1 -1 0
0 10000 5605 -1 -1 -1 0 1 9171 6800 9688 1 1 0
1 10000 5605 7500 1 1 0 0 9171 6800 -1 -1 -1 0
0 10000 5605 -1 -1 -1 0 1 9171 6800 9844 1 1 0
1 10000 5605 8750 1 1 0 0 9171 6800 -1 -1 -1 0
0 10000 5605 -1 -1 -1 0 1 9171 6800 9922 1 1 0
1 10000 5605 9375 1 -1 0 0 9171 6800 -1 -1 -1 0
0 10000 5605 -1 -1 -1 0 1 9171 6800 9961 1 1 0
1 10000 5605 9062 1 1 0 0 9171 6800 -1 -1 -1 0
0 10000 5605 -1 -1 -1 0 1 9171 6800 9981 1 1 0
1 10000 5605 9218 1 -1 0 0 9171 6800 -1 -1 -1 0
0 10000 5605 -1 -1 -1 0 1 9171 6800 9991 1 1 0
1 10000 5605 9140 1 1 0 0 9171 6800 -1 -1 -1 0
0 10000 5605 -1 -1 -1 0 1 9171 6800 9996 1 1 0
1 10000 5605 9179 1 -1 0 0 9171 6800 -1 -1 -1 0
0 10000 5605 -1 -1 -1 0 1 9171 6800 9998 1 1 0
1 10000 5605 9159 1 1 0 0 9171 6800 -1 -1 -1 0
0 10000 5605 -1 -1 -1 0 1 9171 6800 9999 1 1 0
1 10000 5605 9169 1 1 0 0 9171 6800 -1 -1 -1 0
0 10000 5605 -1 -1 -1 0 1 9171 6900 10000 1 0 0
1 1979 5605 9174 1 -1 0 0 9171 6900 -1 -1 -1 0
0 1979 5605 -1 -1 -1 0 1 9171 6900 5000 1 -1 0
1 1979 5705 9171 1 0 0 0 9171 6900 -1 -1 -1 0
0 1979 5705 -1 -1 -1 0 1 6997 6900 2500 1 -1 0
1 1979 5705 5000 1 1 0 0 6997 6900 -1 -1 -1 0
0 1979 5705 -1 -1 -1 0 1 6997 6900 1250 1 1 0
1 1979 5705 7500 1 -1 0 0 6997 6900 -1 -1 -1 0
0 1979 5705 -1 -1 -1 0 1 6997 6900 1875 1 1 0
1 1979 5705 6250 1 1 0 0 6997 6900 -1 -1 -1 0
0 1979 5705 -1 -1 -1 0 1 6997 6900 2187 1 -1 0
1 1979 5705 6875 1 1 0 0 6997 6900 -1 -1 -1 0
0 1979 5705 -1 -1 -1 0 1 6997 6900 2031 1 -1 0
1 1979 5705 7187 1 -1 0 0 6997 6900 -1 -1 -1 0
0 1979 5705 -1 -1 -1 0 1 6997 6900 1953 1 1 0
1 1979 5705 7031 1 -1 0 0 6997 6900 -1 -1 -1 0
0 1979 5705 -1 -1 -1 0 1 6997 6900 1992 1 -1 0
1 1979 5705 6953 1 1 0 0 6997 6900 -1 -1 -1 0
0 1979 5705 -1 -1 -1 0 1 6997 6900 1972 1 1 0
1 1979 5705 6992 1 1 0 0 6997 6900 -1 -1 -1 0
0 1979 5705 -1 -1 -1 0 1 6997 6900 1982 1 -1 0
1 1979 5705 7011 1 -1 0 0 6997 6900 -1 -1 -1 0
0 1979 5705 -1 -1 -1 0 1 6997 6900 1977 1 1 0
1 1979 5705 7001 1 -1 0 0 6997 6900 -1 -1 -1 0
0 1979 5705 -1 -1 -1 0 1 6997 7000 1979 1 0 0
1 97 5705 6996 1 1 0 0 6997 7000 -1 -1 -1 0
0 97 5705 -1 -1 -1 0 1 6997 7000 5000 1 -1 0
1 97 5705 6998 1 -1 0 0 6997 7000 -1 -1 -1 0
0 97 5705 -1 -1 -1 0 1 6997 7000 2500 1 -1 0
1 119 5805 6997 1 0 0 0 6997 7000 -1 -1 -1 0
0 119 5805 -1 -1 -1 0 1 7282 7000 1250 1 -1 0
1 119 5805 5000 1 1 0 0 7282 7000 -1 -1 -1 0
0 119 5805 -1 -1 -1 0 1 7282 7000 625 1 -1 0
1 119 5805 7500 1 -1 0 0 7282 7000 -1 -1 -1 0
0 119 5805 -1 -1 -1 0 1 7282 7000 312 1 -1 0
1 119 5805 6250 1 1 0 0 7282 7000 -1 -1 -1 0
0 119 5805 -1 -1 -1 0 1 7282 7000 156 1 -1 0
1 119 5805 6875 1 1 0 0 7282 7000 -1 -1 -1 0
0 119 5805 -1 -1 -1 0 1 7282 7000 78 1 1 0
1 119 5805 7187 1 1 0 0 7282 7000 -1 -1 -1 0
0 119 5805 -1 -1 -1 0 1 7282 7000 117 1 1 0
1 119 5805 7343 1 -1 0 0 7282 7000 -1 -1 -1 0
0 119 5805 -1 -1 -1 0 1 7282 7000 136 1 -1 0
1 119 5805 7265 1 1 0 0 7282 7000 -1 -1 -1 0
0 119 5805 -1 -1 -1 0 1 7282 7000 126 1 -1 0
1 119 5805 7304 1 -1 0 0 7282 7000 -1 -1 -1 0
0 119 5805 -1 -1 -1 0 1 7282 7000 121 1 -1 0
1 119 5805 7284 1 -1 0 0 7282 7000 -1 -1 -1 0
0 119 5805 -1 -1 -1 0 1 7282 7100 119 1 0 0
1 1 5805 7274 1 1 0 0 7282 7100 -1 -1 -1 0
0 1 5805 -1 -1 -1 0 1 7282 7100 5000 1 -1 0
1 1 5805 7279 1 1 0 0 7282 7100 -1 -1 -1 0
0 1 5805 -1 -1 -1 0 1 7282 7100 2500 1 -1 0
1 1 5805 7281 1 1 0 0 7282 7100 -1 -1 -1 0
0 1 5805 -1 -1 -1 0 1 7282 7100 1250 1 -1 0
1 1 5905 7282 1 0 0 0 7282 7100 -1 -1 -1 0
0 1 5905 -1 -1 -1 0 1 2306 7100 625 1 -1 0
1 1 5905 5000 1 -1 0 0 2306 7100 -1 -1 -1 0
0 1 5905 -1 -1 -1 0 1 2306 7100 312 1 -1 0
1 1 5905 2500 1 -1 0 0 2306 7100 -1 -1 -1 0
0 1 5905 -1 -1 -1 0 1 2306 7100 156 1 -1 0
1 1 5905 1250 1 1 0 0 2306 7100 -1 -1 -1 0
0 1 5905 -1 -1 -1 0 1 2306 7100 78 1 -1 0
1 1 5905 1875 1 1 0 0 2306 7100 -1 -1 -1 0
0 1 5905 -1 -1 -1 0 1 2306 7100 39 1 -1 0
1 1 5905 2187 1 1 0 0 2306 7100 -1 -1 -1 0
0 1 5905 -1 -1 -1 0 1 2306 7100 19 1 -1 0
1 1 5905 2343 1 -1 0 0 2306 7100 -1 -1 -1 0
0 1 5905 -1 -1 -1 0 1 2306 7100 9 1 -1 0
1 1 5905 2265 1 1 0 0 2306 7100 -1 -1 -1 0
0 1 5905 -1 -1 -1 0 1 2306 7100 4 1 -1 0
1 1 5905 2304 1 1 0 0 2306 7100 -1 -1 -1 0
0 1 5905 -1 -1 -1 0 1 2306 7100 2 1 -1 0
1 1 5905 2323 1 -1 0 0 2306 7100 -1 -1 -1 0
0 1 5905 -1 -1 -1 0 1 2306 7200 1 1 0 0
1 1979 5905 2313 1 -1 0 0 2306 7200 -1 -1 -1 0
0 1979 5905 -1 -1 -1 0 1 2306 7200 5000 1 -1 0
1 1979 5905 2308 1 -1 0 0 2306 7200 -1 -1 -1 0
0 1979 5905 -1 -1 -1 0 1 2306 7200 2500 1 -1 0
1 1979 6005 2306 1 0 0 0 2306 7200 -1 -1 -1 0
0 1979 6005 -1 -1 -1 0 1 926 7200 1250 1 1 0
1 1979 6005 5000 1 -1 0 0 926 7200 -1 -1 -1 0
0 1979 6005 -1 -1 -1 0 1 926 7200 1875 1 1 0
1 1979 6005 2500 1 -1 0 0 926 7200 -1 -1 -1 0
0 1979 6005 -1 -1 -1 0 1 926 7200 2187 1 -1 0
1 1979 6005 1250 1 -1 0 0 926 7200 -1 -1 -1 0
0 1979 6005 -1 -1 -1 0 1 926 7200 2031 1 -1 0
1 1979 6005 625 1 1 0 0 926 7200 -1 -1 -1 0
0 1979 6005 -1 -1 -1 0 1 926 7200 1953 1 1 0
1 1979 6005 937 1 -1 0 0 926 7200 -1 -1 -1 0
0 1979 6005 -1 -1 -1 0 1 926 7200 1992 1 -1 0
1 1979 6005 781 1 1 0 0 926 7200 -1 -1 -1 0
0 1979 6005 -1 -1 -1 0 1 926 7200 1972 1 1 0
1 1979 6005 859 1 1 0 0 926 7200 -1 -1 -1 0
0 1979 6005 -1 -1 -1 0 1 926 7200 1982 1 -1 0
1 1979 6005 898 1 1 0 0 926 7200 -1 -1 -1 0
0 1979 6005 -1 -1 -1 0 1 926 7200 1977 1 1 0
1 1979 6005 917 1 1 0 0 926 7200 -1 -1 -1 0
0 1979 6005 -1 -1 -1 0 1 926 7300 1979 1 0 0
1 1 6005 927 1 -1 0 0 926 7300 -1 -1 -1 0
0 1 6005 -1 -1 -1 0 1 926 7300 5000 1 -1 0
1 1 6005 922 1 1 0 0 926 7300 -1 -1 -1 0
0 1 6005 -1 -1 -1 0 1 926 7300 2500 1 -1 0
1 1 6005 924 1 1 0 0 926 7300 -1 -1 -1 0
0 1 6005 -1 -1 -1 0 1 926 7300 1250 1 -1 0
1 1 6005 925 1 1 0 0 926 7300 -1 -1 -1 0
0 1 6005 -1 -1 -1 0 1 926 7300 625 1 -1 0
1 1 6105 926 1 0 0 0 926 7300 -1 -1 -1 0
0 1 6105 -1 -1 -1 0 1 7085 7300 312 1 -1 0
1 1 6105 5000 1 1 0 0 7085 7300 -1 -1 -1 0
0 1 6105 -1 -1 -1 0 1 7085 7300 156 1 -1 0
1 1 6105 7500 1 -1 0 0 7085 7300 -1 -1 -1 0
0 1 6105 -1 -1 -1 0 1 7085 7300 78 1 -1 0
1 1 6105 6250 1 1 0 0 7085 7300 -1 -1 -1 0
0 1 6105 -1 -1 -1 0 1 7085 7300 39 1 -1 0
1 1 6105 6875 1 1 0 0 7085 7300 -1 -1 -1 0
0 1 6105 -1 -1 -1 0 1 7085 7300 19 1 -1 0
1 1 6105 7187 1 -1 0 0 7085 7300 -1 -1 -1 0
0 1 6105 -1 -1 -1 0 1 7085 7300 9 1 -1 0
1 1 6105 7031 1 1 0 0 7085 7300 -1 -1 -1 0
0 1 6105 -1 -1 -1 0 1 7085 7300 4 1 -1 0
1 1 6105 7109 1 -1 0 0 7085 7300 -1 -1 -1 0
0 1 6105 -1 -1 -1 0 1 7085 7300 2 1 -1 0
1 1 6105 7070 1 1 0 0 7085 7300 -1 -1 -1 0
0 1 6105 -1 -1 -1 0 1 7085 7400 1 1 0 0
1 1979 6105 7089 1 -1 0 0 7085 7400 -1 -1 -1 0
0 1979 6105 -1 -1 -1 0 1 7085 7400 5000 1 -1 0
1 1979 6105 7079 1 1 0 0 7085 7400 -1 -1 -1 0
0 1979 6105 -1 -1 -1 0 1 7085 7400 2500 1 -1 0
1 1979 6105 7084 1 1 0 0 7085 7400 -1 -1 -1 0
0 1979 6105 -1 -1 -1 0 1 7085 7400 1250 1 1 0
1 1979 6105 7086 1 -1 0 0 7085 7400 -1 -1 -1 0
0 1979 6105 -1 -1 -1 0 1 7085 7400 1875 1 1 0
1 1979 6205 7085 1 0 0 0 7085 7400 -1 -1 -1 0
0 1979 6205 -1 -1 -1 0 1 6328 7400 2187 1 -1 0
1 1979 6205 5000 1 1 0 0 6328 7400 -1 -1 -1 0
0 1979 6205 -1 -1 -1 0 1 6328 7400 2031 1 -1 0
1 1979 6205 7500 1 -1 0 0 6328 7400 -1 -1 -1 0
0 1979 6205 -1 -1 -1 0 1 6328 7400 1953 1 1 0
1 1979 6205 6250 1 1 0 0 6328 7400 -1 -1 -1 0
0 1979 6205 -1 -1 -1 0 1 6328 7400 1992 1 -1 0
1 1979 6205 6875 1 -1 0 0 6328 7400 -1 -1 -1 0
0 1979 6205 -1 -1 -1 0 1 6328 7400 1972 1 1 0
1 1979 6205 6562 1 -1 0 0 6328 7400 -1 -1 -1 0
0 1979 6205 -1 -1 -1 0 1 6328 7400 1982 1 -1 0
1 1979 6205 6406 1 -1 0 0 6328 7400 -1 -1 -1 0
0 1979 6205 -1 -1 -1 0 1 6328 7400 1977 1 1 0
1 1979 6305 6328 1 0 0 0 6328 7400 -1 -1 -1 0
0 1979 6305 -1 -1 -1 0 1 337 7500 1979 1 0 0
1 1001 6305 5000 1 -1 0 0 337 7500 -1 -1 -1 0
0 1001 6305 -1 -1 -1 0 1 337 7500 5000 1 -1 0
1 1001 6305 2500 1 -1 0 0 337 7500 -1 -1 -1 0
0 1001 6305 -1 -1 -1 0 1 337 7500 2500 1 -1 0
1 1001 6305 1250 1 -1 0 0 337 7500 -1 -1 -1 0
0 1001 6305 -1 -1 -1 0 1 337 7500 1250 1 -1 0
1 1001 6305 625 1 -1 0 0 337 7500 -1 -1 -1 0
0 1001 6305 -1 -1 -1 0 1 337 7500 625 1 1 0
1 1001 6305 313 1 1 0 0 337 7500 -1 -1 -1 0
0 1001 6305 -1 -1 -1 0 1 337 7500 937 1 1 0
1 1001 6305 469 1 -1 0 0 337 7500 -1 -1 -1 0
0 1001 6305 -1 -1 -1 0 1 337 7500 1093 1 -1 0
1 1001 6305 391 1 -1 0 0 337 7500 -1 -1 -1 0
0 1001 6305 -1 -1 -1 0 1 337 7500 1015 1 -1 0
1 1001 6305 352 1 -1 0 0 337 7500 -1 -1 -1 0
0 1001 6305 -1 -1 -1 0 1 337 7500 976 1 1 0
1 1001 6305 332 1 1 0 0 337 7500 -1 -1 -1 0
0 1001 6305 -1 -1 -1 0 1 337 7500 995 1 1 0
1 1001 6305 342 1 -1 0 0 337 7500 -1 -1 -1 0
0 1001 6305 -1 -1 -1 0 1 337 7500 1005 1 -1 0
1 1001 6405 337 1 0 0 0 337 7500 -1 -1 -1 0
0 1001 6405 -1 -1 -1 0 1 6506 7500 1000 1 1 0
1 1001 6405 5000 1 1 0 0 6506 7500 -1 -1 -1 0
0 1001 6405 -1 -1 -1 0 1 6506 7500 1002 1 -1 0
1 1001 6405 7500 1 -1 0 0 6506 7500 -1 -1 -1 0
0 1001 6405 -1 -1 -1 0 1 6506 7600 1001 1 0 0
1 1979 6405 6250 1 1 0 0 6506 7600 -1 -1 -1 0
0 1979 6405 -1 -1 -1 0 1 6506 7600 5000 1 -1 0
1 1979 6405 6875 1 -1 0 0 6506 7600 -1 -1 -1 0
0 1979 6405 -1 -1 -1 0 1 6506 7600 2500 1 -1 0
1 1979 6405 6562 1 -1 0 0 6506 7600 -1 -1 -1 0
0 1979 6405 -1 -1 -1 0 1 6506 7600 1250 1 1 0
1 1979 6405 6406 1 1 0 0 6506 7600 -1 -1 -1 0
0 1979 6405 -1 -1 -1 0 1 6506 7600 1875 1 1 0
1 1979 6405 6484 1 1 0 0 6506 7600 -1 -1 -1 0
0 1979 6405 -1 -1 -1 0 1 6506 7600 2187 1 -1 0
1 1979 6405 6523 1 -1 0 0 6506 7600 -1 -1 -1 0
0 1979 6405 -1 -1 -1 0 1 6506 7600 2031 1 -1 0
1 1979 6405 6503 1 1 0 0 6506 7600 -1 -1 -1 0
0 1979 6405 -1 -1 -1 0 1 6506 7600 1953 1 1 0
1 1979 6405 6513 1 -1 0 0 6506 7600 -1 -1 -1 0
0 1979 6405 -1 -1 -1 0 1 6506 7600 1992 1 -1 0
1 1979 6405 6508 1 -1 0 0 6506 7600 -1 -1 -1 0
0 1979 6405 -1 -1 -1 0 1 6506 7600 1972 1 1 0
1 1979 6405 6505 1 1 0 0 6506 7600 -1 -1 -1 0
0 1979 6405 -1 -1 -1 0 1 6506 7600 1982 1 -1 0
1 1979 6505 6506 1 0 0 0 6506 7600 -1 -1 -1 0
0 1979 6505 -1 -1 -1 0 1 847 7600 1977 1 1 0
1 1979 6505 5000 1 -1 0 0 847 7600 -1 -1 -1 0
0 1979 6505 -1 -1 -1 0 1 847 7700 1979 1 0 0
1 1001 6505 2500 1 -1 0 0 847 7700 -1 -1 -1 0
0 1001 6505 -1 -1 -1 0 1 847 7700 5000 1 -1 0
1 1001 6505 1250 1 -1 0 0 847 7700 -1 -1 -1 0
0 1001 6505 -1 -1 -1 0 1 847 7700 2500 1 -1 0
1 1001 6505 625 1 1 0 0 847 7700 -1 -1 -1 0
0 1001 6505 -1 -1 -1 0 1 847 7700 1250 1 -1 0
1 1001 6505 937 1 -1 0 0 847 7700 -1 -1 -1 0
0 1001 6505 -1 -1 -1 0 1 847 7700 625 1 1 0
1 1001 6505 781 1 1 0 0 847 7700 -1 -1 -1 0
0 1001 6505 -1 -1 -1 0 1 847 7700 937 1 1 0
1 1001 6505 859 1 -1 0 0 847 7700 -1 -1 -1 0
0 1001 6505 -1 -1 -1 0 1 847 7700 1093 1 -1 0
1 1001 6505 820 1 1 0 0 847 7700 -1 -1 -1 0
0 1001 6505 -1 -1 -1 0 1 847 7700 1015 1 -1 0
1 1001 6505 839 1 1 0 0 847 7700 -1 -1 -1 0
0 1001 6505 -1 -1 -1 0 1 847 7700 976 1 1 0
1 1001 6505 849 1 -1 0 0 847 7700 -1 -1 -1 0
0 1001 6505 -1 -1 -1 0 1 847 7700 995 1 1 0
1 1001 6505 844 1 1 0 0 847 7700 -1 -1 -1 0
0 1001 6505 -1 -1 -1 0 1 847 7700 1005 1 -1 0
1 1001 6505 846 1 1 0 0 847 7700 -1 -1 -1 0
0 1001 6505 -1 -1 -1 0 1 847 7700 1000 1 1 0
1 1001 6605 847 1 0 0 0 847 7700 -1 -1 -1 0
0 1001 6605 -1 -1 -1 0 1 1730 7700 1002 1 -1 0
1 1001 6605 5000 1 -1 0 0 1730 7700 -1 -1 -1 0
0 1001 6605 -1 -1 -1 0 1 1730 7800 1001 1 0 0
1 1001 6605 2500 1 -1 0 0 1730 7800 -1 -1 -1 0
0 1001 6605 -1 -1 -1 0 1 1730 7800 5000 1 -1 0
1 1001 6605 1250 1 1 0 0 1730 7800 -1 -1 -1 0
0 1001 6605 -1 -1 -1 0 1 1730 7800 2500 1 -1 0
1 1001 6605 1875 1 -1 0 0 1730 7800 -1 -1 -1 0
0 1001 6605 -1 -1 -1 0 1 1730 7800 1250 1 -1 0
1 1001 6605 1562 1 1 0 0 1730 7800 -1 -1 -1 0
0 1001 6605 -1 -1 -1 0 1 1730 7800 625 1 1 0
1 1001 6605 1718 1 1 0 0 1730 7800 -1 -1 -1 0
0 1001 6605 -1 -1 -1 0 1 1730 7800 937 1 1 0
1 1001 6605 1796 1 -1 0 0 1730 7800 -1 -1 -1 0
0 1001 6605 -1 -1 -1 0 1 1730 7800 1093 1 -1 0
1 1001 6605 1757 1 -1 0 0 1730 7800 -1 -1 -1 0
0 1001 6605 -1 -1 -1 0 1 1730 7800 1015 1 -1 0
1 1001 6605 1737 1 -1 0 0 1730 7800 -1 -1 -1 0
0 1001 6605 -1 -1 -1 0 1 1730 7800 976 1 1 0
1 1001 6605 1727 1 1 0 0 1730 7800 -1 -1 -1 0
0 1001 6605 -1 -1 -1 0 1 1730 7800 995 1 1 0
1 1001 6605 1732 1 -1 0 0 1730 7800 -1 -1 -1 0
0 1001 6605 -1 -1 -1 0 1 1730 7800 1005 1 -1 0
1 1001 6605 1729 1 1 0 0 1730 7800 -1 -1 -1 0
0 1001 6605 -1 -1 -1 0 1 1730 7800 1000 1 1 0
1 1001 6705 1730 1 0 0 0 1730 7800 -1 -1 -1 0
0 1001 6705 -1 -1 -1 0 1 1314 7800 1002 1 -1 0
1 1001 6705 5000 1 -1 0 0 1314 7800 -1 -1 -1 0
0 1001 6705 -1 -1 -1 0 1 1314 7900 1001 1 0 0
1 1979 6705 2500 1 -1 0 0 1314 7900 -1 -1 -1 0
0 1979 6705 -1 -1 -1 0 1 1314 7900 5000 1 -1 0
1 1979 6705 1250 1 1 0 0 1314 7900 -1 -1 -1 0
0 1979 6705 -1 -1 -1 0 1 1314 7900 2500 1 -1 0
1 1979 6705 1875 1 -1 0 0 1314 7900 -1 -1 -1 0
0 1979 6705 -1 -1 -1 0 1 1314 7900 1250 1 1 0
1 1979 6705 1562 1 -1 0 0 1314 7900 -1 -1 -1 0
0 1979 6705 -1 -1 -1 0 1 1314 7900 1875 1 1 0
1 1979 6705 1406 1 -1 0 0 1314 7900 -1 -1 -1 0
0 1979 6705 -1 -1 -1 0 1 1314 7900 2187 1 -1 0
1 1979 6705 1328 1 -1 0 0 1314 7900 -1 -1 -1 0
0 1979 6705 -1 -1 -1 0 1 1314 7900 2031 1 -1 0
1 1979 6705 1289 1 1 0 0 1314 7900 -1 -1 -1 0
0 1979 6705 -1 -1 -1 0 1 1314 7900 1953 1 1 0
1 1979 6705 1308 1 1 0 0 1314 7900 -1 -1 -1 0
0 1979 6705 -1 -1 -1 0 1 1314 7900 1992 1 -1 0
1 1979 6705 1318 1 -1 0 0 1314 7900 -1 -1 -1 0
0 1979 6705 -1 -1 -1 0 1 1314 7900 1972 1 1 0
1 1979 6705 1313 1 1 0 0 1314 7900 -1 -1 -1 0
0 1979 6705 -1 -1 -1 0 1 1314 7900 1982 1 -1 0
1 1979 6705 1315 1 -1 0 0 1314 7900 -1 -1 -1 0
0 1979 6705 -1 -1 -1 0 1 1314 7900 1977 1 1 0
1 1979 6805 1314 1 0 0 0 1314 7900 -1 -1 -1 0
0 1979 6805 -1 -1 -1 0 1 5858 8000 1979 1 0 0
1 1001 6805 5000 1 1 0 0 5858 8000 -1 -1 -1 0
0 1001 6805 -1 -1 -1 0 1 5858 8000 5000 1 -1 0
1 1001 6805 7500 1 -1 0 0 5858 8000 -1 -1 -1 0
0 1001 6805 -1 -1 -1 0 1 5858 8000 2500 1 -1 0
1 1001 6805 6250 1 -1 0 0 5858 8000 -1 -1 -1 0
0 1001 6805 -1 -1 -1 0 1 5858 8000 1250 1 -1 0
1 1001 6805 5625 1 1 0 0 5858 8000 -1 -1 -1 0
0 1001 6805 -1 -1 -1 0 1 5858 8000 625 1 1 0
1 1001 6805 5937 1 -1 0 0 5858 8000 -1 -1 -1 0
0 1001 6805 -1 -1 -1 0 1 5858 8000 937 1 1 0
1 1001 6805 5781 1 1 0 0 5858 8000 -1 -1 -1 0
0 1001 6805 -1 -1 -1 0 1 5858 8000 1093 1 -1 0
1 1001 6805 5859 1 -1 0 0 5858 8000 -1 -1 -1 0
0 1001 6805 -1 -1 -1 0 1 5858 8000 1015 1 -1 0
1 1001 6805 5820 1 1 0 0 5858 8000 -1 -1 -1 0
0 1001 6805 -1 -1 -1 0 1 5858 8000 976 1 1 0
1 1001 6805 5839 1 1 0 0 5858 8000 -1 -1 -1 0
0 1001 6805 -1 -1 -1 0 1 5858 8000 995 1 1 0
1 1001 6805 5849 1 1 0 0 5858 8000 -1 -1 -1 0
0 1001 6805 -1 -1 -1 0 1 5858 8000 1005 1 -1 0
1 1001 6805 5854 1 1 0 0 5858 8000 -1 -1 -1 0
0 1001 6805 -1 -1 -1 0 1 5858 8000 1000 1 1 0
1 1001 6805 5856 1 1 0 0 5858 8000 -1 -1 -1 0
0 1001 6805 -1 -1 -1 0 1 5858 8000 1002 1 -1 0
1 1001 6805 5857 1 1 0 0 5858 8000 -1 -1 -1 0
0 1001 6805 -1 -1 -1 0 1 5858 8100 1001 1 0 0
1 97 6905 5858 1 0 0 0 5858 8100 -1 -1 -1 0
0 97 6905 -1 -1 -1 0 1 6125 8100 5000 1 -1 0
1 97 6905 5000 1 1 0 0 6125 8100 -1 -1 -1 0
0 97 6905 -1 -1 -1 0 1 6125 8100 2500 1 -1 0
1 97 6905 7500 1 -1 0 0 6125 8100 -1 -1 -1 0
0 97 6905 -1 -1 -1 0 1 6125 8100 1250 1 -1 0
1 97 6905 6250 1 -1 0 0 6125 8100 -1 -1 -1 0
0 97 6905 -1 -1 -1 0 1 6125 8100 625 1 -1 0
1 97 6905 5625 1 1 0 0 6125 8100 -1 -1 -1 0
0 97 6905 -1 -1 -1 0 1 6125 8100 312 1 -1 0
1 97 6905 5937 1 1 0 0 6125 8100 -1 -1 -1 0
0 97 6905 -1 -1 -1 0 1 6125 8100 156 1 -1 0
1 97 6905 6093 1 1 0 0 6125 8100 -1 -1 -1 0
0 97 6905 -1 -1 -1 0 1 6125 8100 78 1 1 0
1 97 6905 6171 1 -1 0 0 6125 8100 -1 -1 -1 0
0 97 6905 -1 -1 -1 0 1 6125 8100 117 1 -1 0
1 97 6905 6132 1 -1 0 0 6125 8100 -1 -1 -1 0
0 97 6905 -1 -1 -1 0 1 6125 8200 97 1 0 0
1 1 6905 6112 1 1 0 0 6125 8200 -1 -1 -1 0
0 1 6905 -1 -1 -1 0 1 6125 8200 5000 1 -1 0
1 1 6905 6122 1 1 0 0 6125 8200 -1 -1 -1 0
0 1 6905 -1 -1 -1 0 1 6125 8200 2500 1 -1 0
1 1 6905 6127 1 -1 0 0 6125 8200 -1 -1 -1 0
0 1 6905 -1 -1 -1 0 1 6125 8200 1250 1 -1 0
1 1 6905 6124 1 1 0 0 6125 8200 -1 -1 -1 0
0 1 6905 -1 -1 -1 0 1 6125 8200 625 1 -1 0
1 1 7005 6125 1 0 0 0 6125 8200 -1 -1 -1 0
0 1 7005 -1 -1 -1 0 1 3896 8200 312 1 -1 0
1 1 7005 5000 1 -1 0 0 3896 8200 -1 -1 -1 0
0 1 7005 -1 -1 -1 0 1 3896 8200 156 1 -1 0
1 1 7005 2500 1 1 0 0 3896 8200 -1 -1 -1 0
0 1 7005 -1 -1 -1 0 1 3896 8200 78 1 -1 0
1 1 7005 3750 1 1 0 0 3896 8200 -1 -1 -1 0
0 1 7005 -1 -1 -1 0 1 3896 8200 39 1 -1 0
1 1 7005 4375 1 -1 0 0 3896 8200 -1 -1 -1 0
0 1 7005 -1 -1 -1 0 1 3896 8200 19 1 -1 0
1 1 7005 4062 1 -1 0 0 3896 8200 -1 -1 -1 0
0 1 7005 -1 -1 -1 0 1 3896 8200 9 1 -1 0
1 1 7005 3906 1 -1 0 0 3896 8200 -1 -1 -1 0
0 1 7005 -1 -1 -1 0 1 3896 8200 4 1 -1 0
1 1 7005 3828 1 1 0 0 3896 8200 -1 -1 -1 0
0 1 7005 -1 -1 -1 0 1 3896 8200 2 1 -1 0
1 1 7005 3867 1 1 0 0 3896 8200 -1 -1 -1 0
0 1 7005 -1 -1 -1 0 1 3896 8300 1 1 0 0
1 1 7005 3886 1 1 0 0 3896 8300 -1 -1 -1 0
0 1 7005 -1 -1 -1 0 1 3896 8300 5000 1 -1 0
1 1 7105 3896 1 0 0 0 3896 8300 -1 -1 -1 0
0 1 7105 -1 -1 -1 0 1 9583 8300 2500 1 -1 0
1 1 7105 5000 1 1 0 0 9583 8300 -1 -1 -1 0
0 1 7105 -1 -1 -1 0 1 9583 8300 1250 1 -1 0
1 1 7105 7500 1 1 0 0 9583 8300 -1 -1 -1 0
0 1 7105 -1 -1 -1 0 1 9583 8300 625 1 -1 0
1 1 7105 8750 1 1 0 0 9583 8300 -1 -1 -1 0
0 1 7105 -1 -1 -1 0 1 9583 8300 312 1 -1 0
1 1 7105 9375 1 1 0 0 9583 8300 -1 -1 -1 0
0 1 7105 -1 -1 -1 0 1 9583 8300 156 1 -1 0
1 1 7105 9687 1 -1 0 0 9583 8300 -1 -1 -1 0
0 1 7105 -1 -1 -1 0 1 9583 8300 78 1 -1 0
1 1 7105 9531 1 1 0 0 9583 8300 -1 -1 -1 0
0 1 7105 -1 -1 -1 0 1 9583 8300 39 1 -1 0
1 1 7105 9609 1 -1 0 0 9583 8300 -1 -1 -1 0
0 1 7105 -1 -1 -1 0 1 9583 8300 19 1 -1 0
1 1 7105 9570 1 1 0 0 9583 8300 -1 -1 -1 0
0 1 7105 -1 -1 -1 0 1 9583 8300 9 1 -1 0
1 1 7105 9589 1 -1 0 0 9583 8300 -1 -1 -1 0
0 1 7105 -1 -1 -1 0 1 9583 8300 4 1 -1 0
1 1 7105 9579 1 1 0 0 9583 8300 -1 -1 -1 0
0 1 7105 -1 -1 -1 0 1 9583 8300 2 1 -1 0
1 1 7105 9584 1 -1 0 0 9583 8300 -1 -1 -1 0
0 1 7105 -1 -1 -1 0 1 9583 8400 1 1 0 0
1 1001 7105 9581 1 1 0 0 9583 8400 -1 -1 -1 0
0 1001 7105 -1 -1 -1 0 1 9583 8400 5000 1 -1 0
1 1001 7105 9582 1 1 0 0 9583 8400 -1 -1 -1 0
0 1001 7105 -1 -1 -1 0 1 9583 8400 2500 1 -1 0
1 1001 7205 9583 1 0 0 0 9583 8400 -1 -1 -1 0
0 1001 7205 -1 -1 -1 0 1 546 8400 1250 1 -1 0
1 1001 7205 5000 1 -1 0 0 546 8400 -1 -1 -1 0
0 1001 7205 -1 -1 -1 0 1 546 8400 625 1 1 0
1 1001 7205 2500 1 -1 0 0 546 8400 -1 -1 -1 0
0 1001 7205 -1 -1 -1 0 1 546 8400 937 1 1 0
1 1001 7205 1250 1 -1 0 0 546 8400 -1 -1 -1 0
0 1001 7205 -1 -1 -1 0 1 546 8400 1093 1 -1 0
1 1001 7205 625 1 -1 0 0 546 8400 -1 -1 -1 0
0 1001 7205 -1 -1 -1 0 1 546 8400 1015 1 -1 0
1 1001 7205 313 1 1 0 0 546 8400 -1 -1 -1 0
0 1001 7205 -1 -1 -1 0 1 546 8400 976 1 1 0
1 1001 7205 469 1 1 0 0 546 8400 -1 -1 -1 0
0 1001 7205 -1 -1 -1 0 1 546 8400 995 1 1 0
1 1001 7205 547 1 -1 0 0 546 8400 -1 -1 -1 0
0 1001 7205 -1 -1 -1 0 1 546 8400 1005 1 -1 0
1 1001 7205 508 1 1 0 0 546 8400 -1 -1 -1 0
0 1001 7205 -1 -1 -1 0 1 546 8400 1000 1 1 0
1 1001 7205 527 1 1 0 0 546 8400 -1 -1 -1 0
0 1001 7205 -1 -1 -1 0 1 546 8400 1002 1 -1 0
1 1001 7205 537 1 1 0 0 546 8400 -1 -1 -1 0
0 1001 7205 -1 -1 -1 0 1 546 8500 1001 1 0 0
1 1001 7205 542 1 1 0 0 546 8500 -1 -1 -1 0
0 1001 7205 -1 -1 -1 0 1 546 8500 5000 1 -1 0
1 1001 7205 544 1 1 0 0 546 8500 -1 -1 -1 0
0 1001 7205 -1 -1 -1 0 1 546 8500 2500 1 -1 0
1 1001 7205 545 1 1 0 0 546 8500 -1 -1 -1 0
0 1001 7205 -1 -1 -1 0 1 546 8500 1250 1 -1 0
1 1001 7305 546 1 0 0 0 546 8500 -1 -1 -1 0
0 1001 7305 -1 -1 -1 0 1 8815 8500 625 1 1 0
1 1001 7305 5000 1 1 0 0 8815 8500 -1 -1 -1 0
0 1001 7305 -1 -1 -1 0 1 8815 8500 937 1 1 0
1 1001 7305 7500 1 1 0 0 8815 8500 -1 -1 -1 0
0 1001 7305 -1 -1 -1 0 1 8815 8500 1093 1 -1 0
1 1001 7305 8750 1 1 0 0 8815 8500 -1 -1 -1 0
0 1001 7305 -1 -1 -1 0 1 8815 8500 1015 1 -1 0
1 1001 7305 9375 1 -1 0 0 8815 8500 -1 -1 -1 0
0 1001 7305 -1 -1 -1 0 1 8815 8500 976 1 1 0
1 1001 7305 9062 1 -1 0 0 8815 8500 -1 -1 -1 0
0 1001 7305 -1 -1 -1 0 1 8815 8500 995 1 1 0
1 1001 7305 8906 1 -1 0 0 8815 8500 -1 -1 -1 0
0 1001 7305 -1 -1 -1 0 1 8815 8500 1005 1 -1 0
1 1001 7305 8828 1 -1 0 0 8815 8500 -1 -1 -1 0
0 1001 7305 -1 -1 -1 0 1 8815 8500 1000 1 1 0
1 1001 7305 8789 1 1 0 0 8815 8500 -1 -1 -1 0
0 1001 7305 -1 -1 -1 0 1 8815 8500 1002 1 -1 0
1 1001 7305 8808 1 1 0 0 8815 8500 -1 -1 -1 0
0 1001 7305 -1 -1 -1 0 1 8815 8600 1001 1 0 0
1 1 7305 8818 1 -1 0 0 8815 8600 -1 -1 -1 0
0 1 7305 -1 -1 -1 0 1 8815 8600 5000 1 -1 0
1 1 7305 8813 1 1 0 0 8815 8600 -1 -1 -1 0
0 1 7305 -1 -1 -1 0 1 8815 8600 2500 1 -1 0
1 1 7405 8815 1 0 0 0 8815 8600 -1 -1 -1 0
0 1 7405 -1 -1 -1 0 1 3368 8600 1250 1 -1 0
1 22 7405 5000 1 -1 0 0 3368 8600 -1 -1 -1 0
0 22 7405 -1 -1 -1 0 1 3368 8600 625 1 -1 0
