63 44
1 1 0 5000 1 -1 0 0 1 0 -1 -1 -1 0
0 1 0 -1 -1 -1 0 1 1 0 5000 1 -1 0
1 1 0 2500 1 -1 0 0 1 0 -1 -1 -1 0
0 1 0 -1 -1 -1 0 1 1 0 7490 1 -1 0
1 1 0 1250 1 -1 0 0 1 0 -1 -1 -1 0
0 1 0 -1 -1 -1 0 1 1 0 7071 1 -1 0
1 1 0 625 1 -1 0 0 1 0 -1 -1 -1 0
0 1 0 -1 -1 -1 0 1 1 0 6862 1 -1 0
1 1 0 313 1 -1 0 0 1 0 -1 -1 -1 0
0 1 0 -1 -1 -1 0 1 1 0 6757 1 -1 0
1 1 0 157 1 -1 0 0 1 0 -1 -1 -1 0
0 1 0 -1 -1 -1 0 1 1 0 6705 1 -1 0
1 1 0 79 1 -1 0 0 1 0 -1 -1 -1 0
0 1 0 -1 -1 -1 0 1 1 0 6679 1 -1 0
1 1 0 40 1 -1 0 0 1 0 -1 -1 -1 0
0 1 0 -1 -1 -1 0 1 1 0 6666 1 -1 0
1 1 0 20 1 -1 0 0 1 0 -1 -1 -1 0
0 1 0 -1 -1 -1 0 1 1 0 6659 1 -1 0
1 1 0 10 1 -1 0 0 1 0 -1 -1 -1 0
0 1 0 -1 -1 -1 0 1 1 0 6656 3 -1 0
1 1 0 5 1 -1 0 0 1 0 -1 -1 -1 0
0 1 0 -1 -1 -1 0 1 1 0 6654 1 -1 0
1 1 0 3 1 -1 0 0 1 0 -1 -1 -1 0
0 1 0 -1 -1 -1 0 1 1 0 6653 1 -1 0
1 1 500 2 3 0 0 0 1 0 -1 -1 -1 0
0 1 500 -1 -1 -1 0 1 1 0 1663 1 -1 0
1 1 500 5000 1 -1 0 0 1 0 -1 -1 -1 0
0 1 500 -1 -1 -1 0 1 1 0 831 1 -1 0
1 1 500 2500 1 -1 0 0 1 0 -1 -1 -1 0
0 1 500 -1 -1 -1 0 1 1 0 415 1 -1 0
1 1 500 1250 1 -1 0 0 1 0 -1 -1 -1 0
0 1 500 -1 -1 -1 0 1 1 0 207 1 -1 0
1 1 500 625 1 -1 0 0 1 0 -1 -1 -1 0
0 1 500 -1 -1 -1 0 1 1 0 103 1 -1 0
1 1 500 313 1 -1 0 0 1 0 -1 -1 -1 0
0 1 500 -1 -1 -1 0 1 1 0 51 1 -1 0
1 1 500 157 1 -1 0 0 1 0 -1 -1 -1 0
0 1 500 -1 -1 -1 0 1 1 0 25 1 -1 0
1 1 500 79 1 -1 0 0 1 0 -1 -1 -1 0
0 1 500 -1 -1 -1 0 1 1 0 12 1 -1 0
1 1 500 40 1 -1 0 0 1 0 -1 -1 -1 0
0 1 500 -1 -1 -1 0 1 1 0 6 1 -1 0
1 1 500 20 1 -1 0 0 1 0 -1 -1 -1 0
0 1 500 -1 -1 -1 0 1 1 0 3 1 -1 0
1 1 500 10 1 -1 0 0 1 0 -1 -1 -1 0
0 1 500 -1 -1 -1 0 1 1 100 1 1 0 0
1 97 500 5 1 -1 0 0 1 100 -1 -1 -1 0
0 97 500 -1 -1 -1 0 1 1 100 5000 1 -1 0
1 97 500 3 1 -1 0 0 1 100 -1 -1 -1 0
0 97 500 -1 -1 -1 0 1 1 100 2500 1 -1 0
1 97 500 2 1 -1 0 0 1 100 -1 -1 -1 0
0 97 500 -1 -1 -1 0 1 1 100 1250 1 -1 0
1 97 600 1 1 0 0 0 1 100 -1 -1 -1 0
0 97 600 -1 -1 -1 0 1 3 100 625 1 -1 0
1 97 600 5000 1 -1 0 0 3 100 -1 -1 -1 0
0 97 600 -1 -1 -1 0 1 3 100 312 1 -1 0
1 97 600 2500 1 -1 0 0 3 100 -1 -1 -1 0
0 97 600 -1 -1 -1 0 1 3 100 156 1 -1 0
1 97 600 1250 1 -1 0 0 3 100 -1 -1 -1 0
0 97 600 -1 -1 -1 0 1 3 100 78 1 1 0
1 97 600 625 1 -1 0 0 3 100 -1 -1 -1 0
0 97 600 -1 -1 -1 0 1 3 100 117 1 -1 0
1 97 600 313 1 -1 0 0 3 100 -1 -1 -1 0
0 97 600 -1 -1 -1 0 1 3 200 97 1 0 0
1 10000 600 157 1 -1 0 0 3 200 -1 -1 -1 0
0 10000 600 -1 -1 -1 0 1 3 200 5000 1 1 0
1 10000 600 79 1 -1 0 0 3 200 -1 -1 -1 0
0 10000 600 -1 -1 -1 0 1 3 200 7500 1 1 0
1 10000 600 40 1 -1 0 0 3 200 -1 -1 -1 0
0 10000 600 -1 -1 -1 0 1 3 200 8750 1 1 0
1 10000 600 20 1 -1 0 0 3 200 -1 -1 -1 0
0 10000 600 -1 -1 -1 0 1 3 200 9375 1 1 0
1 10000 600 10 1 -1 0 0 3 200 -1 -1 -1 0
0 10000 600 -1 -1 -1 0 1 3 200 9688 1 1 0
1 10000 600 5 1 -1 0 0 3 200 -1 -1 -1 0
0 10000 600 -1 -1 -1 0 1 3 200 9844 1 1 0
1 10000 700 3 1 0 0 0 3 200 -1 -1 -1 0
0 10000 700 -1 -1 -1 0 1 7 200 9922 1 1 0
1 10000 700 5000 1 -1 0 0 7 200 -1 -1 -1 0
0 10000 700 -1 -1 -1 0 1 7 200 9961 1 1 0
1 10000 700 2500 1 -1 0 0 7 200 -1 -1 -1 0
0 10000 700 -1 -1 -1 0 1 7 200 9981 1 1 0
1 10000 700 1250 1 -1 0 0 7 200 -1 -1 -1 0
0 10000 700 -1 -1 -1 0 1 7 200 9991 1 1 0
1 10000 700 625 1 -1 0 0 7 200 -1 -1 -1 0
0 10000 700 -1 -1 -1 0 1 7 200 9996 1 1 0
1 10000 700 313 1 -1 0 0 7 200 -1 -1 -1 0
0 10000 700 -1 -1 -1 0 1 7 200 9998 1 1 0
1 10000 700 157 1 -1 0 0 7 200 -1 -1 -1 0
0 10000 700 -1 -1 -1 0 1 7 200 9999 1 1 0
1 10000 700 79 1 -1 0 0 7 200 -1 -1 -1 0
0 10000 700 -1 -1 -1 0 1 7 300 10000 1 0 0
1 1979 700 40 1 -1 0 0 7 300 -1 -1 -1 0
0 1979 700 -1 -1 -1 0 1 7 300 5000 1 -1 0
1 1979 700 20 1 -1 0 0 7 300 -1 -1 -1 0
0 1979 700 -1 -1 -1 0 1 7 300 2500 1 -1 0
1 1979 700 10 1 -1 0 0 7 300 -1 -1 -1 0
0 1979 700 -1 -1 -1 0 1 7 300 1250 1 1 0
1 1979 700 5 1 1 0 0 7 300 -1 -1 -1 0
0 1979 700 -1 -1 -1 0 1 7 300 1875 1 1 0
1 1979 800 7 1 0 0 0 7 300 -1 -1 -1 0
0 1979 800 -1 -1 -1 0 1 15 300 2187 1 -1 0
1 1979 800 5000 1 -1 0 0 15 300 -1 -1 -1 0
0 1979 800 -1 -1 -1 0 1 15 300 2031 1 -1 0
1 1979 800 2500 1 -1 0 0 15 300 -1 -1 -1 0
0 1979 800 -1 -1 -1 0 1 15 300 1953 1 1 0
1 1979 800 1250 1 -1 0 0 15 300 -1 -1 -1 0
0 1979 800 -1 -1 -1 0 1 15 300 1992 1 -1 0
1 1979 800 625 1 -1 0 0 15 300 -1 -1 -1 0
0 1979 800 -1 -1 -1 0 1 15 300 1972 1 1 0
1 1979 800 313 1 -1 0 0 15 300 -1 -1 -1 0
0 1979 800 -1 -1 -1 0 1 15 300 1982 1 -1 0
1 1979 800 157 1 -1 0 0 15 300 -1 -1 -1 0
0 1979 800 -1 -1 -1 0 1 15 300 1977 1 1 0
1 1979 800 79 1 -1 0 0 15 300 -1 -1 -1 0
0 1979 800 -1 -1 -1 0 1 15 400 1979 1 0 0
1 97 800 40 1 -1 0 0 15 400 -1 -1 -1 0
0 97 800 -1 -1 -1 0 1 15 400 5000 1 -1 0
1 97 800 20 1 -1 0 0 15 400 -1 -1 -1 0
0 97 800 -1 -1 -1 0 1 15 400 2500 1 -1 0
1 97 800 10 1 1 0 0 15 400 -1 -1 -1 0
0 97 800 -1 -1 -1 0 1 15 400 1250 1 -1 0
1 97 900 15 1 0 0 0 15 400 -1 -1 -1 0
0 97 900 -1 -1 -1 0 1 31 400 625 1 -1 0
1 97 900 5000 1 -1 0 0 31 400 -1 -1 -1 0
0 97 900 -1 -1 -1 0 1 31 400 312 1 -1 0
1 97 900 2500 1 -1 0 0 31 400 -1 -1 -1 0
0 97 900 -1 -1 -1 0 1 31 400 156 1 -1 0
1 97 900 1250 1 -1 0 0 31 400 -1 -1 -1 0
0 97 900 -1 -1 -1 0 1 31 400 78 1 1 0
1 97 900 625 1 -1 0 0 31 400 -1 -1 -1 0
0 97 900 -1 -1 -1 0 1 31 400 117 1 -1 0
1 97 900 313 1 -1 0 0 31 400 -1 -1 -1 0
0 97 900 -1 -1 -1 0 1 31 500 97 1 0 0
1 8989 900 157 1 -1 0 0 31 500 -1 -1 -1 0
0 8989 900 -1 -1 -1 0 1 31 500 5000 1 1 0
1 8989 900 79 1 -1 0 0 31 500 -1 -1 -1 0
0 8989 900 -1 -1 -1 0 1 31 500 7500 1 1 0
1 8989 900 40 1 -1 0 0 31 500 -1 -1 -1 0
0 8989 900 -1 -1 -1 0 1 31 500 8750 1 1 0
1 8989 900 20 1 1 0 0 31 500 -1 -1 -1 0
0 8989 900 -1 -1 -1 0 1 31 500 9375 1 -1 0
1 8989 900 30 1 1 0 0 31 500 -1 -1 -1 0
0 8989 900 -1 -1 -1 0 1 31 500 9062 1 -1 0
1 8989 900 35 1 -1 0 0 31 500 -1 -1 -1 0
0 8989 900 -1 -1 -1 0 1 31 500 8906 1 1 0
1 8989 900 32 1 -1 0 0 31 500 -1 -1 -1 0
0 8989 900 -1 -1 -1 0 1 31 500 8984 1 1 0
1 8989 1000 31 1 0 0 0 31 500 -1 -1 -1 0
0 8989 1000 -1 -1 -1 0 1 63 500 9023 1 -1 0
1 8989 1000 5000 1 -1 0 0 63 500 -1 -1 -1 0
0 8989 1000 -1 -1 -1 0 1 63 500 9003 1 -1 0
1 8989 1000 2500 1 -1 0 0 63 500 -1 -1 -1 0
0 8989 1000 -1 -1 -1 0 1 63 500 8993 1 -1 0
1 8989 1000 1250 1 -1 0 0 63 500 -1 -1 -1 0
0 8989 1000 -1 -1 -1 0 1 63 500 8988 1 1 0
1 8989 1000 625 1 -1 0 0 63 500 -1 -1 -1 0
0 8989 1000 -1 -1 -1 0 1 63 500 8990 1 -1 0
1 8989 1000 313 1 -1 0 0 63 500 -1 -1 -1 0
0 8989 1000 -1 -1 -1 0 1 63 600 8989 1 0 0
1 97 1000 157 1 -1 0 0 63 600 -1 -1 -1 0
0 97 1000 -1 -1 -1 0 1 63 600 5000 1 -1 0
1 97 1000 79 1 -1 0 0 63 600 -1 -1 -1 0
0 97 1000 -1 -1 -1 0 1 63 600 2500 1 -1 0
1 97 1000 40 1 1 0 0 63 600 -1 -1 -1 0
0 97 1000 -1 -1 -1 0 1 63 600 1250 1 -1 0
1 97 1000 59 1 1 0 0 63 600 -1 -1 -1 0
0 97 1000 -1 -1 -1 0 1 63 600 625 1 -1 0
1 97 1000 69 1 -1 0 0 63 600 -1 -1 -1 0
0 97 1000 -1 -1 -1 0 1 63 600 312 1 -1 0
1 97 1000 64 1 -1 0 0 63 600 -1 -1 -1 0
0 97 1000 -1 -1 -1 0 1 63 600 156 1 -1 0
1 97 1000 61 1 1 0 0 63 600 -1 -1 -1 0
0 97 1000 -1 -1 -1 0 1 63 600 78 1 1 0
1 97 1000 62 1 1 0 0 63 600 -1 -1 -1 0
0 97 1000 -1 -1 -1 0 1 63 600 117 1 -1 0
1 97 1100 63 1 0 0 0 63 600 -1 -1 -1 0
0 97 1100 -1 -1 -1 0 1 127 700 97 1 0 0
1 10000 1100 5000 1 -1 0 0 127 700 -1 -1 -1 0
0 10000 1100 -1 -1 -1 0 1 127 700 5000 1 1 0
1 10000 1100 2500 1 -1 0 0 127 700 -1 -1 -1 0
0 10000 1100 -1 -1 -1 0 1 127 700 7500 1 1 0
1 10000 1100 1250 1 -1 0 0 127 700 -1 -1 -1 0
0 10000 1100 -1 -1 -1 0 1 127 700 8750 1 1 0
1 10000 1100 625 1 -1 0 0 127 700 -1 -1 -1 0
0 10000 1100 -1 -1 -1 0 1 127 700 9375 1 1 0
1 10000 1100 313 1 -1 0 0 127 700 -1 -1 -1 0
0 10000 1100 -1 -1 -1 0 1 127 700 9688 1 1 0
1 10000 1100 157 1 -1 0 0 127 700 -1 -1 -1 0
0 10000 1100 -1 -1 -1 0 1 127 700 9844 1 1 0
1 10000 1100 79 1 1 0 0 127 700 -1 -1 -1 0
0 10000 1100 -1 -1 -1 0 1 127 700 9922 1 1 0
1 10000 1100 118 1 1 0 0 127 700 -1 -1 -1 0
0 10000 1100 -1 -1 -1 0 1 127 700 9961 1 1 0
1 10000 1100 137 1 -1 0 0 127 700 -1 -1 -1 0
0 10000 1100 -1 -1 -1 0 1 127 700 9981 1 1 0
1 10000 1200 127 1 0 0 0 127 700 -1 -1 -1 0
0 10000 1200 -1 -1 -1 0 1 255 700 9991 1 1 0
1 10000 1200 5000 1 -1 0 0 255 700 -1 -1 -1 0
0 10000 1200 -1 -1 -1 0 1 255 700 9996 1 1 0
1 10000 1200 2500 1 -1 0 0 255 700 -1 -1 -1 0
0 10000 1200 -1 -1 -1 0 1 255 700 9998 1 1 0
1 10000 1200 1250 1 -1 0 0 255 700 -1 -1 -1 0
0 10000 1200 -1 -1 -1 0 1 255 700 9999 1 1 0
1 10000 1200 625 1 -1 0 0 255 700 -1 -1 -1 0
0 10000 1200 -1 -1 -1 0 1 255 800 10000 1 0 0
1 1 1200 313 1 -1 0 0 255 800 -1 -1 -1 0
0 1 1200 -1 -1 -1 0 1 255 800 5000 1 -1 0
1 1 1200 157 1 1 0 0 255 800 -1 -1 -1 0
0 1 1200 -1 -1 -1 0 1 255 800 2500 1 -1 0
1 1 1200 235 1 1 0 0 255 800 -1 -1 -1 0
0 1 1200 -1 -1 -1 0 1 255 800 1250 1 -1 0
1 1 1200 274 1 -1 0 0 255 800 -1 -1 -1 0
0 1 1200 -1 -1 -1 0 1 255 800 625 1 -1 0
1 1 1200 254 1 1 0 0 255 800 -1 -1 -1 0
0 1 1200 -1 -1 -1 0 1 255 800 312 1 -1 0
1 1 1200 264 1 -1 0 0 255 800 -1 -1 -1 0
0 1 1200 -1 -1 -1 0 1 255 800 156 1 -1 0
1 1 1200 259 1 -1 0 0 255 800 -1 -1 -1 0
0 1 1200 -1 -1 -1 0 1 255 800 78 1 -1 0
1 1 1200 256 1 -1 0 0 255 800 -1 -1 -1 0
0 1 1200 -1 -1 -1 0 1 255 800 39 1 -1 0
1 1 1300 255 1 0 0 0 255 800 -1 -1 -1 0
0 1 1300 -1 -1 -1 0 1 511 800 19 1 -1 0
1 1 1300 5000 1 -1 0 0 511 800 -1 -1 -1 0
0 1 1300 -1 -1 -1 0 1 511 800 9 1 -1 0
1 1 1300 2500 1 -1 0 0 511 800 -1 -1 -1 0
0 1 1300 -1 -1 -1 0 1 511 800 4 1 -1 0
1 1 1300 1250 1 -1 0 0 511 800 -1 -1 -1 0
0 1 1300 -1 -1 -1 0 1 511 800 2 1 -1 0
1 1 1300 625 1 -1 0 0 511 800 -1 -1 -1 0
0 1 1300 -1 -1 -1 0 1 511 900 1 1 0 0
1 1979 1300 313 1 1 0 0 511 900 -1 -1 -1 0
0 1979 1300 -1 -1 -1 0 1 511 900 5000 1 -1 0
1 1979 1300 469 1 1 0 0 511 900 -1 -1 -1 0
0 1979 1300 -1 -1 -1 0 1 511 900 2500 1 -1 0
1 1979 1300 547 1 -1 0 0 511 900 -1 -1 -1 0
0 1979 1300 -1 -1 -1 0 1 511 900 1250 1 1 0
1 1979 1300 508 1 1 0 0 511 900 -1 -1 -1 0
0 1979 1300 -1 -1 -1 0 1 511 900 1875 1 1 0
1 1979 1300 527 1 -1 0 0 511 900 -1 -1 -1 0
0 1979 1300 -1 -1 -1 0 1 511 900 2187 1 -1 0
1 1979 1300 517 1 -1 0 0 511 900 -1 -1 -1 0
0 1979 1300 -1 -1 -1 0 1 511 900 2031 1 -1 0
1 1979 1300 512 1 -1 0 0 511 900 -1 -1 -1 0
0 1979 1300 -1 -1 -1 0 1 511 900 1953 1 1 0
1 1979 1300 510 1 1 0 0 511 900 -1 -1 -1 0
0 1979 1300 -1 -1 -1 0 1 511 900 1992 1 -1 0
1 1979 1400 511 1 0 0 0 511 900 -1 -1 -1 0
0 1979 1400 -1 -1 -1 0 1 1023 900 1972 1 1 0
1 1979 1400 5000 1 -1 0 0 1023 900 -1 -1 -1 0
0 1979 1400 -1 -1 -1 0 1 1023 900 1982 1 -1 0
1 1979 1400 2500 1 -1 0 0 1023 900 -1 -1 -1 0
0 1979 1400 -1 -1 -1 0 1 1023 900 1977 1 1 0
1 1979 1400 1250 1 -1 0 0 1023 900 -1 -1 -1 0
0 1979 1400 -1 -1 -1 0 1 1023 1000 1979 1 0 0
1 97 1400 625 1 1 0 0 1023 1000 -1 -1 -1 0
0 97 1400 -1 -1 -1 0 1 1023 1000 5000 1 -1 0
1 97 1400 937 1 1 0 0 1023 1000 -1 -1 -1 0
0 97 1400 -1 -1 -1 0 1 1023 1000 2500 1 -1 0
1 97 1400 1093 1 -1 0 0 1023 1000 -1 -1 -1 0
0 97 1400 -1 -1 -1 0 1 1023 1000 1250 1 -1 0
1 97 1400 1015 1 1 0 0 1023 1000 -1 -1 -1 0
0 97 1400 -1 -1 -1 0 1 1023 1000 625 1 -1 0
1 97 1400 1054 1 -1 0 0 1023 1000 -1 -1 -1 0
0 97 1400 -1 -1 -1 0 1 1023 1000 312 1 -1 0
1 97 1400 1034 1 -1 0 0 1023 1000 -1 -1 -1 0
0 97 1400 -1 -1 -1 0 1 1023 1000 156 1 -1 0
1 97 1400 1024 1 -1 0 0 1023 1000 -1 -1 -1 0
0 97 1400 -1 -1 -1 0 1 1023 1000 78 1 1 0
1 97 1400 1019 1 1 0 0 1023 1000 -1 -1 -1 0
0 97 1400 -1 -1 -1 0 1 1023 1000 117 1 -1 0
1 97 1400 1021 1 1 0 0 1023 1000 -1 -1 -1 0
0 97 1400 -1 -1 -1 0 1 1023 1100 97 1 0 0
1 1001 1400 1022 1 1 0 0 1023 1100 -1 -1 -1 0
0 1001 1400 -1 -1 -1 0 1 1023 1100 5000 1 -1 0
1 1001 1500 1023 1 0 0 0 1023 1100 -1 -1 -1 0
0 1001 1500 -1 -1 -1 0 1 2047 1100 2500 1 -1 0
1 1001 1500 5000 1 -1 0 0 2047 1100 -1 -1 -1 0
0 1001 1500 -1 -1 -1 0 1 2047 1100 1250 1 -1 0
1 1001 1500 2500 1 -1 0 0 2047 1100 -1 -1 -1 0
0 1001 1500 -1 -1 -1 0 1 2047 1100 625 1 1 0
1 1001 1500 1250 1 1 0 0 2047 1100 -1 -1 -1 0
0 1001 1500 -1 -1 -1 0 1 2047 1100 937 1 1 0
1 1001 1500 1875 1 1 0 0 2047 1100 -1 -1 -1 0
0 1001 1500 -1 -1 -1 0 1 2047 1100 1093 1 -1 0
1 1001 1500 2187 1 -1 0 0 2047 1100 -1 -1 -1 0
0 1001 1500 -1 -1 -1 0 1 2047 1100 1015 1 -1 0
1 1001 1500 2031 1 1 0 0 2047 1100 -1 -1 -1 0
0 1001 1500 -1 -1 -1 0 1 2047 1100 976 1 1 0
1 1001 1500 2109 1 -1 0 0 2047 1100 -1 -1 -1 0
0 1001 1500 -1 -1 -1 0 1 2047 1100 995 1 1 0
1 1001 1500 2070 1 -1 0 0 2047 1100 -1 -1 -1 0
0 1001 1500 -1 -1 -1 0 1 2047 1100 1005 1 -1 0
1 1001 1500 2050 1 -1 0 0 2047 1100 -1 -1 -1 0
0 1001 1500 -1 -1 -1 0 1 2047 1100 1000 1 1 0
1 1001 1500 2040 1 1 0 0 2047 1100 -1 -1 -1 0
0 1001 1500 -1 -1 -1 0 1 2047 1100 1002 1 -1 0
1 1001 1500 2045 1 1 0 0 2047 1100 -1 -1 -1 0
0 1001 1500 -1 -1 -1 0 1 2047 1200 1001 1 0 0
1 97 1600 2047 1 0 0 0 2047 1200 -1 -1 -1 0
0 97 1600 -1 -1 -1 0 1 4095 1200 5000 1 -1 0
1 97 1600 5000 1 -1 0 0 4095 1200 -1 -1 -1 0
0 97 1600 -1 -1 -1 0 1 4095 1200 2500 1 -1 0
1 97 1600 2500 1 1 0 0 4095 1200 -1 -1 -1 0
0 97 1600 -1 -1 -1 0 1 4095 1200 1250 1 -1 0
1 97 1600 3750 1 1 0 0 4095 1200 -1 -1 -1 0
0 97 1600 -1 -1 -1 0 1 4095 1200 625 1 -1 0
1 97 1600 4375 1 -1 0 0 4095 1200 -1 -1 -1 0
0 97 1600 -1 -1 -1 0 1 4095 1200 312 1 -1 0
1 97 1600 4062 1 1 0 0 4095 1200 -1 -1 -1 0
0 97 1600 -1 -1 -1 0 1 4095 1200 156 1 -1 0
1 97 1600 4218 1 -1 0 0 4095 1200 -1 -1 -1 0
0 97 1600 -1 -1 -1 0 1 4095 1200 78 1 1 0
1 97 1600 4140 1 -1 0 0 4095 1200 -1 -1 -1 0
0 97 1600 -1 -1 -1 0 1 4095 1200 117 1 -1 0
1 97 1600 4101 1 -1 0 0 4095 1200 -1 -1 -1 0
0 97 1600 -1 -1 -1 0 1 4095 1300 97 1 0 0
1 1001 1600 4081 1 1 0 0 4095 1300 -1 -1 -1 0
0 1001 1600 -1 -1 -1 0 1 4095 1300 5000 1 -1 0
1 1001 1600 4091 1 1 0 0 4095 1300 -1 -1 -1 0
0 1001 1600 -1 -1 -1 0 1 4095 1300 2500 1 -1 0
1 1001 1600 4096 1 -1 0 0 4095 1300 -1 -1 -1 0
0 1001 1600 -1 -1 -1 0 1 4095 1300 1250 1 -1 0
1 1001 1600 4093 1 1 0 0 4095 1300 -1 -1 -1 0
0 1001 1600 -1 -1 -1 0 1 4095 1300 625 1 1 0
1 1001 1600 4094 1 1 0 0 4095 1300 -1 -1 -1 0
0 1001 1600 -1 -1 -1 0 1 4095 1300 937 1 1 0
1 1001 1700 4095 1 0 0 0 4095 1300 -1 -1 -1 0
0 1001 1700 -1 -1 -1 0 1 8191 1300 1093 1 -1 0
1 1001 1700 5000 1 1 0 0 8191 1300 -1 -1 -1 0
0 1001 1700 -1 -1 -1 0 1 8191 1300 1015 1 -1 0
1 1001 1700 7500 1 1 0 0 8191 1300 -1 -1 -1 0
0 1001 1700 -1 -1 -1 0 1 8191 1300 976 1 1 0
1 1001 1700 8750 1 -1 0 0 8191 1300 -1 -1 -1 0
0 1001 1700 -1 -1 -1 0 1 8191 1300 995 1 1 0
1 1001 1700 8125 1 1 0 0 8191 1300 -1 -1 -1 0
0 1001 1700 -1 -1 -1 0 1 8191 1300 1005 1 -1 0
1 1001 1700 8437 1 -1 0 0 8191 1300 -1 -1 -1 0
0 1001 1700 -1 -1 -1 0 1 8191 1300 1000 1 1 0
1 1001 1700 8281 1 -1 0 0 8191 1300 -1 -1 -1 0
0 1001 1700 -1 -1 -1 0 1 8191 1300 1002 1 -1 0
1 1001 1700 8203 1 -1 0 0 8191 1300 -1 -1 -1 0
0 1001 1700 -1 -1 -1 0 1 8191 1400 1001 1 0 0
1 97 1700 8164 1 1 0 0 8191 1400 -1 -1 -1 0
0 97 1700 -1 -1 -1 0 1 8191 1400 5000 1 -1 0
1 97 1700 8183 1 1 0 0 8191 1400 -1 -1 -1 0
0 97 1700 -1 -1 -1 0 1 8191 1400 2500 1 -1 0
1 97 1700 8193 1 -1 0 0 8191 1400 -1 -1 -1 0
0 97 1700 -1 -1 -1 0 1 8191 1400 1250 1 -1 0
1 97 1700 8188 1 1 0 0 8191 1400 -1 -1 -1 0
0 97 1700 -1 -1 -1 0 1 8191 1400 625 1 -1 0
1 97 1700 8190 1 1 0 0 8191 1400 -1 -1 -1 0
0 97 1700 -1 -1 -1 0 1 8191 1400 312 1 -1 0
1 97 1800 8191 1 0 0 0 8191 1400 -1 -1 -1 0
0 97 1800 -1 -1 -1 0 1 10000 1400 156 1 -1 0
1 97 1800 5000 1 1 0 0 10000 1400 -1 -1 -1 0
0 97 1800 -1 -1 -1 0 1 10000 1400 78 1 1 0
1 97 1800 7500 1 1 0 0 10000 1400 -1 -1 -1 0
0 97 1800 -1 -1 -1 0 1 10000 1400 117 1 -1 0
1 97 1800 8750 1 1 0 0 10000 1400 -1 -1 -1 0
0 97 1800 -1 -1 -1 0 1 10000 1500 97 1 0 0
1 8989 1800 9375 1 1 0 0 10000 1500 -1 -1 -1 0
0 8989 1800 -1 -1 -1 0 1 10000 1500 5000 1 1 0
1 8989 1800 9687 1 1 0 0 10000 1500 -1 -1 -1 0
0 8989 1800 -1 -1 -1 0 1 10000 1500 7500 1 1 0
1 8989 1800 9843 1 1 0 0 10000 1500 -1 -1 -1 0
0 8989 1800 -1 -1 -1 0 1 10000 1500 8750 1 1 0
1 8989 1800 9921 1 1 0 0 10000 1500 -1 -1 -1 0
0 8989 1800 -1 -1 -1 0 1 10000 1500 9375 1 -1 0
1 8989 1800 9960 1 1 0 0 10000 1500 -1 -1 -1 0
0 8989 1800 -1 -1 -1 0 1 10000 1500 9062 1 -1 0
1 8989 1800 9980 1 1 0 0 10000 1500 -1 -1 -1 0
0 8989 1800 -1 -1 -1 0 1 10000 1500 8906 1 1 0
1 8989 1800 9990 1 1 0 0 10000 1500 -1 -1 -1 0
0 8989 1800 -1 -1 -1 0 1 10000 1500 8984 1 1 0
1 8989 1800 9995 1 1 0 0 10000 1500 -1 -1 -1 0
0 8989 1800 -1 -1 -1 0 1 10000 1500 9023 1 -1 0
1 8989 1800 9997 1 1 0 0 10000 1500 -1 -1 -1 0
0 8989 1800 -1 -1 -1 0 1 10000 1500 9003 1 -1 0
1 8989 1800 9998 1 1 0 0 10000 1500 -1 -1 -1 0
0 8989 1800 -1 -1 -1 0 1 10000 1500 8993 1 -1 0
1 8989 1800 9999 1 1 0 0 10000 1500 -1 -1 -1 0
0 8989 1800 -1 -1 -1 0 1 10000 1500 8988 1 1 0
1 8989 1800 9999 1 1 0 0 10000 1500 -1 -1 -1 0
0 8989 1800 -1 -1 -1 0 1 10000 1500 8990 1 -1 0
1 8989 1800 9999 1 1 0 0 10000 1500 -1 -1 -1 0
0 8989 1800 -1 -1 -1 0 1 10000 1600 8989 1 0 0
1 10000 1800 5000 1 1 0 0 10000 1600 -1 -1 -1 0
0 10000 1800 -1 -1 -1 0 1 10000 1600 5000 1 1 0
1 10000 1800 7500 1 1 0 0 10000 1600 -1 -1 -1 0
0 10000 1800 -1 -1 -1 0 1 10000 1600 7500 1 1 0
1 10000 1800 8750 1 1 0 0 10000 1600 -1 -1 -1 0
0 10000 1800 -1 -1 -1 0 1 10000 1600 8750 1 1 0
1 10000 1800 9375 1 1 0 0 10000 1600 -1 -1 -1 0
0 10000 1800 -1 -1 -1 0 1 10000 1600 9375 1 1 0
1 10000 1800 9687 1 1 0 0 10000 1600 -1 -1 -1 0
0 10000 1800 -1 -1 -1 0 1 10000 1600 9688 1 1 0
1 9995 1800 9843 1 1 0 0 10000 1600 -1 -1 -1 0
0 9995 1800 -1 -1 -1 0 1 10000 1600 9844 1 1 0
1 9995 1800 9921 1 1 0 0 10000 1600 -1 -1 -1 0
0 9995 1800 -1 -1 -1 0 1 10000 1600 9922 1 1 0
1 9995 1800 9960 1 1 0 0 10000 1600 -1 -1 -1 0
0 9995 1800 -1 -1 -1 0 1 10000 1600 9961 1 1 0
1 9995 1800 9980 1 1 0 0 10000 1600 -1 -1 -1 0
0 9995 1800 -1 -1 -1 0 1 10000 1600 9981 1 1 0
1 9995 1800 9990 1 1 0 0 10000 1600 -1 -1 -1 0
0 9995 1800 -1 -1 -1 0 1 10000 1600 9991 1 1 0
1 9995 1800 9995 1 1 0 0 10000 1600 -1 -1 -1 0
0 9995 1800 -1 -1 -1 0 1 10000 1600 9996 1 -1 0
1 9995 1800 9997 1 1 0 0 10000 1600 -1 -1 -1 0
0 9995 1800 -1 -1 -1 0 1 10000 1600 9993 1 1 0
1 9995 1800 9998 1 1 0 0 10000 1600 -1 -1 -1 0
0 9995 1800 -1 -1 -1 0 1 10000 1600 9994 1 1 0
1 9995 1800 9999 1 1 0 0 10000 1600 -1 -1 -1 0
0 9995 1800 -1 -1 -1 0 1 10000 1700 9995 1 0 0
1 1 1800 9999 1 1 0 0 10000 1700 -1 -1 -1 0
0 1 1800 -1 -1 -1 0 1 10000 1700 5000 1 -1 0
1 1 1800 9999 1 1 0 0 10000 1700 -1 -1 -1 0
0 1 1800 -1 -1 -1 0 1 10000 1700 2500 1 -1 0
1 1 1800 5000 1 1 0 0 10000 1700 -1 -1 -1 0
0 1 1800 -1 -1 -1 0 1 10000 1700 1250 1 -1 0
1 1 1800 7500 1 1 0 0 10000 1700 -1 -1 -1 0
0 1 1800 -1 -1 -1 0 1 10000 1700 625 1 -1 0
1 1 1800 8750 1 1 0 0 10000 1700 -1 -1 -1 0
0 1 1800 -1 -1 -1 0 1 10000 1700 312 1 -1 0
1 1 1800 9375 1 1 0 0 10000 1700 -1 -1 -1 0
0 1 1800 -1 -1 -1 0 1 10000 1700 156 1 -1 0
1 1 1800 9687 1 1 0 0 10000 1700 -1 -1 -1 0
0 1 1800 -1 -1 -1 0 1 10000 1700 78 1 -1 0
1 1 1800 9843 1 1 0 0 10000 1700 -1 -1 -1 0
0 1 1800 -1 -1 -1 0 1 10000 1700 39 1 -1 0
1 1 1800 9921 1 1 0 0 10000 1700 -1 -1 -1 0
0 1 1800 -1 -1 -1 0 1 10000 1700 19 1 -1 0
1 1 1800 9960 1 1 0 0 10000 1700 -1 -1 -1 0
0 1 1800 -1 -1 -1 0 1 10000 1700 9 1 -1 0
1 1 1800 9980 1 1 0 0 10000 1700 -1 -1 -1 0
0 1 1800 -1 -1 -1 0 1 10000 1700 4 1 -1 0
1 1 1800 9990 1 1 0 0 10000 1700 -1 -1 -1 0
0 1 1800 -1 -1 -1 0 1 10000 1700 2 1 -1 0
1 1 1800 9995 1 1 0 0 10000 1700 -1 -1 -1 0
0 1 1800 -1 -1 -1 0 1 10000 1800 1 1 0 0
1 10000 1800 9997 1 1 0 0 10000 1800 -1 -1 -1 0
0 10000 1800 -1 -1 -1 0 1 10000 1800 5000 1 1 0
1 10000 1800 9998 1 1 0 0 10000 1800 -1 -1 -1 0
0 10000 1800 -1 -1 -1 0 1 10000 1800 7500 1 1 0
1 10000 1800 9999 1 1 0 0 10000 1800 -1 -1 -1 0
0 10000 1800 -1 -1 -1 0 1 10000 1800 8750 1 1 0
1 10000 1800 9999 1 1 0 0 10000 1800 -1 -1 -1 0
0 10000 1800 -1 -1 -1 0 1 10000 1800 9375 1 1 0
1 10000 1800 9999 1 1 0 0 10000 1800 -1 -1 -1 0
0 10000 1800 -1 -1 -1 0 1 10000 1800 9688 1 1 0
1 10000 1800 5000 1 1 0 0 10000 1800 -1 -1 -1 0
0 10000 1800 -1 -1 -1 0 1 10000 1800 9844 1 1 0
1 10000 1800 7500 1 1 0 0 10000 1800 -1 -1 -1 0
0 10000 1800 -1 -1 -1 0 1 10000 1800 9922 1 1 0
1 10000 1800 8750 1 1 0 0 10000 1800 -1 -1 -1 0
0 10000 1800 -1 -1 -1 0 1 10000 1800 9961 1 1 0
1 10000 1800 9375 1 1 0 0 10000 1800 -1 -1 -1 0
0 10000 1800 -1 -1 -1 0 1 10000 1800 9981 1 1 0
1 10000 1800 9687 1 1 0 0 10000 1800 -1 -1 -1 0
0 10000 1800 -1 -1 -1 0 1 10000 1800 9991 1 1 0
1 10000 1800 9843 1 1 0 0 10000 1800 -1 -1 -1 0
0 10000 1800 -1 -1 -1 0 1 10000 1800 9996 1 1 0
1 10000 1800 9921 1 1 0 0 10000 1800 -1 -1 -1 0
0 10000 1800 -1 -1 -1 0 1 10000 1800 9998 1 1 0
1 10000 1800 9960 1 1 0 0 10000 1800 -1 -1 -1 0
0 10000 1800 -1 -1 -1 0 1 10000 1800 9999 1 1 0
1 10000 1800 9980 1 1 0 0 10000 1800 -1 -1 -1 0
0 10000 1800 -1 -1 -1 0 1 10000 1900 10000 1 0 0
1 10000 1800 9990 1 1 0 0 10000 1900 -1 -1 -1 0
0 10000 1800 -1 -1 -1 0 1 10000 1900 5000 1 1 0
1 10000 1800 9995 1 1 0 0 10000 1900 -1 -1 -1 0
0 10000 1800 -1 -1 -1 0 1 10000 1900 7500 1 1 0
1 10000 1800 9997 1 1 0 0 10000 1900 -1 -1 -1 0
0 10000 1800 -1 -1 -1 0 1 10000 1900 8750 1 1 0
1 10000 1800 9998 1 1 0 0 10000 1900 -1 -1 -1 0
0 10000 1800 -1 -1 -1 0 1 10000 1900 9375 1 1 0
1 10000 1800 9999 1 1 0 0 10000 1900 -1 -1 -1 0
0 10000 1800 -1 -1 -1 0 1 10000 1900 9688 1 1 0
1 10000 1800 9999 1 1 0 0 10000 1900 -1 -1 -1 0
0 10000 1800 -1 -1 -1 0 1 10000 1900 9844 1 1 0
1 10000 1800 9999 1 1 0 0 10000 1900 -1 -1 -1 0
0 10000 1800 -1 -1 -1 0 1 10000 1900 9922 1 1 0
1 10000 1800 5000 1 1 0 0 10000 1900 -1 -1 -1 0
0 10000 1800 -1 -1 -1 0 1 10000 1900 9961 1 1 0
1 10000 1800 7500 1 1 0 0 10000 1900 -1 -1 -1 0
0 10000 1800 -1 -1 -1 0 1 10000 1900 9981 1 1 0
1 10000 1800 8750 1 1 0 0 10000 1900 -1 -1 -1 0
0 10000 1800 -1 -1 -1 0 1 10000 1900 9991 1 1 0
1 10000 1800 9375 1 1 0 0 10000 1900 -1 -1 -1 0
0 10000 1800 -1 -1 -1 0 1 10000 1900 9996 1 1 0
1 10000 1800 9687 1 1 0 0 10000 1900 -1 -1 -1 0
0 10000 1800 -1 -1 -1 0 1 10000 1900 9998 1 1 0
1 10000 1800 9843 1 1 0 0 10000 1900 -1 -1 -1 0
0 10000 1800 -1 -1 -1 0 1 10000 1900 9999 1 1 0
1 10000 1800 9921 1 1 0 0 10000 1900 -1 -1 -1 0
0 10000 1800 -1 -1 -1 0 1 10000 2000 10000 1 0 0
1 8989 1800 9960 1 1 0 0 10000 2000 -1 -1 -1 0
0 8989 1800 -1 -1 -1 0 1 10000 2000 5000 1 1 0
1 8989 1800 9980 1 1 0 0 10000 2000 -1 -1 -1 0
0 8989 1800 -1 -1 -1 0 1 10000 2000 7500 1 1 0
1 8989 1800 9990 1 1 0 0 10000 2000 -1 -1 -1 0
0 8989 1800 -1 -1 -1 0 1 10000 2000 8750 1 1 0
1 8989 1800 9995 1 1 0 0 10000 2000 -1 -1 -1 0
0 8989 1800 -1 -1 -1 0 1 10000 2000 9375 1 -1 0
1 8989 1800 9997 1 1 0 0 10000 2000 -1 -1 -1 0
0 8989 1800 -1 -1 -1 0 1 10000 2000 9062 1 -1 0
1 8989 1800 9998 1 1 0 0 10000 2000 -1 -1 -1 0
0 8989 1800 -1 -1 -1 0 1 10000 2000 8906 1 1 0
1 8989 1800 9999 1 1 0 0 10000 2000 -1 -1 -1 0
0 8989 1800 -1 -1 -1 0 1 10000 2000 8984 1 1 0
1 8989 1800 9999 1 1 0 0 10000 2000 -1 -1 -1 0
0 8989 1800 -1 -1 -1 0 1 10000 2000 9023 1 -1 0
1 8989 1800 9999 1 1 0 0 10000 2000 -1 -1 -1 0
0 8989 1800 -1 -1 -1 0 1 10000 2000 9003 1 -1 0
1 8989 1800 5000 1 1 0 0 10000 2000 -1 -1 -1 0
0 8989 1800 -1 -1 -1 0 1 10000 2000 8993 1 -1 0
1 8989 1800 7500 1 1 0 0 10000 2000 -1 -1 -1 0
0 8989 1800 -1 -1 -1 0 1 10000 2000 8988 1 1 0
1 8989 1800 8750 1 1 0 0 10000 2000 -1 -1 -1 0
0 8989 1800 -1 -1 -1 0 1 10000 2000 8990 1 -1 0
1 8989 1800 9375 1 1 0 0 10000 2000 -1 -1 -1 0
0 8989 1800 -1 -1 -1 0 1 10000 2100 8989 1 0 0
1 1001 1800 9687 1 1 0 0 10000 2100 -1 -1 -1 0
0 1001 1800 -1 -1 -1 0 1 10000 2100 5000 1 -1 0
1 1001 1800 9843 1 1 0 0 10000 2100 -1 -1 -1 0
0 1001 1800 -1 -1 -1 0 1 10000 2100 2500 1 -1 0
1 1001 1800 9921 1 1 0 0 10000 2100 -1 -1 -1 0
0 1001 1800 -1 -1 -1 0 1 10000 2100 1250 1 -1 0
1 1001 1800 9960 1 1 0 0 10000 2100 -1 -1 -1 0
0 1001 1800 -1 -1 -1 0 1 10000 2100 625 1 1 0
1 1001 1800 9980 1 1 0 0 10000 2100 -1 -1 -1 0
0 1001 1800 -1 -1 -1 0 1 10000 2100 937 1 1 0
1 1001 1800 9990 1 1 0 0 10000 2100 -1 -1 -1 0
0 1001 1800 -1 -1 -1 0 1 10000 2100 1093 1 -1 0
1 1001 1800 9995 1 1 0 0 10000 2100 -1 -1 -1 0
0 1001 1800 -1 -1 -1 0 1 10000 2100 1015 1 -1 0
1 1001 1800 9997 1 1 0 0 10000 2100 -1 -1 -1 0
0 1001 1800 -1 -1 -1 0 1 10000 2100 976 1 1 0
1 1001 1800 9998 1 1 0 0 10000 2100 -1 -1 -1 0
0 1001 1800 -1 -1 -1 0 1 10000 2100 995 1 1 0
1 1001 1800 9999 1 1 0 0 10000 2100 -1 -1 -1 0
0 1001 1800 -1 -1 -1 0 1 10000 2100 1005 1 -1 0
1 1001 1800 9999 1 1 0 0 10000 2100 -1 -1 -1 0
0 1001 1800 -1 -1 -1 0 1 10000 2100 1000 1 1 0
1 1001 1800 9999 1 1 0 0 10000 2100 -1 -1 -1 0
0 1001 1800 -1 -1 -1 0 1 10000 2100 1002 1 -1 0
1 1001 1800 5000 1 1 0 0 10000 2100 -1 -1 -1 0
0 1001 1800 -1 -1 -1 0 1 10000 2200 1001 1 0 0
1 1979 1800 7500 1 1 0 0 10000 2200 -1 -1 -1 0
0 1979 1800 -1 -1 -1 0 1 10000 2200 5000 1 -1 0
1 1979 1800 8750 1 1 0 0 10000 2200 -1 -1 -1 0
0 1979 1800 -1 -1 -1 0 1 10000 2200 2500 1 -1 0
1 1979 1800 9375 1 1 0 0 10000 2200 -1 -1 -1 0
0 1979 1800 -1 -1 -1 0 1 10000 2200 1250 1 1 0
1 1979 1800 9687 1 1 0 0 10000 2200 -1 -1 -1 0
0 1979 1800 -1 -1 -1 0 1 10000 2200 1875 1 1 0
1 1979 1800 9843 1 1 0 0 10000 2200 -1 -1 -1 0
0 1979 1800 -1 -1 -1 0 1 10000 2200 2187 1 -1 0
1 1979 1800 9921 1 1 0 0 10000 2200 -1 -1 -1 0
0 1979 1800 -1 -1 -1 0 1 10000 2200 2031 1 -1 0
1 1979 1800 9960 1 1 0 0 10000 2200 -1 -1 -1 0
0 1979 1800 -1 -1 -1 0 1 10000 2200 1953 1 1 0
1 1979 1800 9980 1 1 0 0 10000 2200 -1 -1 -1 0
0 1979 1800 -1 -1 -1 0 1 10000 2200 1992 1 -1 0
1 1979 1800 9990 1 1 0 0 10000 2200 -1 -1 -1 0
0 1979 1800 -1 -1 -1 0 1 10000 2200 1972 1 1 0
1 1979 1800 9995 1 1 0 0 10000 2200 -1 -1 -1 0
0 1979 1800 -1 -1 -1 0 1 10000 2200 1982 1 -1 0
1 1979 1800 9997 1 1 0 0 10000 2200 -1 -1 -1 0
0 1979 1800 -1 -1 -1 0 1 10000 2200 1977 1 1 0
1 1979 1800 9998 1 1 0 0 10000 2200 -1 -1 -1 0
0 1979 1800 -1 -1 -1 0 1 10000 2300 1979 1 0 0
1 1979 1800 9999 1 1 0 0 10000 2300 -1 -1 -1 0
0 1979 1800 -1 -1 -1 0 1 10000 2300 5000 1 -1 0
1 1979 1800 9999 1 1 0 0 10000 2300 -1 -1 -1 0
0 1979 1800 -1 -1 -1 0 1 10000 2300 2500 1 -1 0
1 1979 1800 9999 1 1 0 0 10000 2300 -1 -1 -1 0
0 1979 1800 -1 -1 -1 0 1 10000 2300 1250 1 1 0
1 1979 1800 5000 1 1 0 0 10000 2300 -1 -1 -1 0
0 1979 1800 -1 -1 -1 0 1 10000 2300 1875 1 1 0
1 1979 1800 7500 1 1 0 0 10000 2300 -1 -1 -1 0
0 1979 1800 -1 -1 -1 0 1 10000 2300 2187 1 -1 0
1 1979 1800 8750 1 1 0 0 10000 2300 -1 -1 -1 0
0 1979 1800 -1 -1 -1 0 1 10000 2300 2031 1 -1 0
1 1979 1800 9375 1 1 0 0 10000 2300 -1 -1 -1 0
0 1979 1800 -1 -1 -1 0 1 10000 2300 1953 1 1 0
1 1979 1800 9687 1 1 0 0 10000 2300 -1 -1 -1 0
0 1979 1800 -1 -1 -1 0 1 10000 2300 1992 1 -1 0
1 1979 1800 9843 1 1 0 0 10000 2300 -1 -1 -1 0
0 1979 1800 -1 -1 -1 0 1 10000 2300 1972 1 1 0
1 1979 1800 9921 1 1 0 0 10000 2300 -1 -1 -1 0
0 1979 1800 -1 -1 -1 0 1 10000 2300 1982 1 -1 0
1 1979 1800 9960 1 1 0 0 10000 2300 -1 -1 -1 0
0 1979 1800 -1 -1 -1 0 1 10000 2300 1977 1 1 0
1 1979 1800 9980 1 1 0 0 10000 2300 -1 -1 -1 0
0 1979 1800 -1 -1 -1 0 1 10000 2400 1979 1 0 0
1 1001 1800 9990 1 1 0 0 10000 2400 -1 -1 -1 0
0 1001 1800 -1 -1 -1 0 1 10000 2400 5000 1 -1 0
1 1001 1800 9995 1 1 0 0 10000 2400 -1 -1 -1 0
0 1001 1800 -1 -1 -1 0 1 10000 2400 2500 1 -1 0
1 1001 1800 9997 1 1 0 0 10000 2400 -1 -1 -1 0
0 1001 1800 -1 -1 -1 0 1 10000 2400 1250 1 -1 0
1 1001 1800 9998 1 1 0 0 10000 2400 -1 -1 -1 0
0 1001 1800 -1 -1 -1 0 1 10000 2400 625 1 1 0
1 1001 1800 9999 1 1 0 0 10000 2400 -1 -1 -1 0
0 1001 1800 -1 -1 -1 0 1 10000 2400 937 1 1 0
1 1001 1800 9999 1 1 0 0 10000 2400 -1 -1 -1 0
0 1001 1800 -1 -1 -1 0 1 10000 2400 1093 1 -1 0
1 1001 1800 9999 1 1 0 0 10000 2400 -1 -1 -1 0
0 1001 1800 -1 -1 -1 0 1 10000 2400 1015 1 -1 0
1 1001 1800 5000 1 1 0 0 10000 2400 -1 -1 -1 0
0 1001 1800 -1 -1 -1 0 1 10000 2400 976 1 1 0
1 1001 1800 7500 1 1 0 0 10000 2400 -1 -1 -1 0
0 1001 1800 -1 -1 -1 0 1 10000 2400 995 1 1 0
1 1001 1800 8750 1 1 0 0 10000 2400 -1 -1 -1 0
0 1001 1800 -1 -1 -1 0 1 10000 2400 1005 1 -1 0
1 1001 1800 9375 1 1 0 0 10000 2400 -1 -1 -1 0
0 1001 1800 -1 -1 -1 0 1 10000 2400 1000 1 1 0
1 1001 1800 9687 1 1 0 0 10000 2400 -1 -1 -1 0
0 1001 1800 -1 -1 -1 0 1 10000 2400 1002 1 -1 0
1 1001 1800 9843 1 1 0 0 10000 2400 -1 -1 -1 0
0 1001 1800 -1 -1 -1 0 1 10000 2500 1001 1 0 0
1 1001 1800 9921 1 1 0 0 10000 2500 -1 -1 -1 0
0 1001 1800 -1 -1 -1 0 1 10000 2500 5000 1 -1 0
1 1001 1800 9960 1 1 0 0 10000 2500 -1 -1 -1 0
0 1001 1800 -1 -1 -1 0 1 10000 2500 2500 1 -1 0
1 1001 1800 9980 1 1 0 0 10000 2500 -1 -1 -1 0
0 1001 1800 -1 -1 -1 0 1 10000 2500 1250 1 -1 0
1 1001 1800 9990 1 1 0 0 10000 2500 -1 -1 -1 0
0 1001 1800 -1 -1 -1 0 1 10000 2500 625 1 1 0
1 1001 1800 9995 1 1 0 0 10000 2500 -1 -1 -1 0
0 1001 1800 -1 -1 -1 0 1 10000 2500 937 1 1 0
1 1001 1800 9997 1 1 0 0 10000 2500 -1 -1 -1 0
0 1001 1800 -1 -1 -1 0 1 10000 2500 1093 1 -1 0
1 1001 1800 9998 1 1 0 0 10000 2500 -1 -1 -1 0
0 1001 1800 -1 -1 -1 0 1 10000 2500 1015 1 -1 0
1 1001 1800 9999 1 1 0 0 10000 2500 -1 -1 -1 0
0 1001 1800 -1 -1 -1 0 1 10000 2500 976 1 1 0
1 1001 1800 9999 1 1 0 0 10000 2500 -1 -1 -1 0
0 1001 1800 -1 -1 -1 0 1 10000 2500 995 1 1 0
1 1001 1800 9999 1 1 0 0 10000 2500 -1 -1 -1 0
0 1001 1800 -1 -1 -1 0 1 10000 2500 1005 1 -1 0
1 1001 1800 5000 1 1 0 0 10000 2500 -1 -1 -1 0
0 1001 1800 -1 -1 -1 0 1 10000 2500 1000 1 1 0
1 1001 1800 7500 1 1 0 0 10000 2500 -1 -1 -1 0
0 1001 1800 -1 -1 -1 0 1 10000 2500 1002 1 -1 0
1 1001 1800 8750 1 1 0 0 10000 2500 -1 -1 -1 0
0 1001 1800 -1 -1 -1 0 1 10000 2600 1001 1 0 0
1 1001 1800 9375 1 1 0 0 10000 2600 -1 -1 -1 0
0 1001 1800 -1 -1 -1 0 1 10000 2600 5000 1 -1 0
1 1001 1800 9687 1 1 0 0 10000 2600 -1 -1 -1 0
0 1001 1800 -1 -1 -1 0 1 10000 2600 2500 1 -1 0
1 1001 1800 9843 1 1 0 0 10000 2600 -1 -1 -1 0
0 1001 1800 -1 -1 -1 0 1 10000 2600 1250 1 -1 0
1 1001 1800 9921 1 1 0 0 10000 2600 -1 -1 -1 0
0 1001 1800 -1 -1 -1 0 1 10000 2600 625 1 1 0
1 1001 1800 9960 1 1 0 0 10000 2600 -1 -1 -1 0
0 1001 1800 -1 -1 -1 0 1 10000 2600 937 1 1 0
1 1001 1800 9980 1 1 0 0 10000 2600 -1 -1 -1 0
0 1001 1800 -1 -1 -1 0 1 10000 2600 1093 1 -1 0
1 1001 1800 9990 1 1 0 0 10000 2600 -1 -1 -1 0
0 1001 1800 -1 -1 -1 0 1 10000 2600 1015 1 -1 0
1 1001 1800 9995 1 1 0 0 10000 2600 -1 -1 -1 0
0 1001 1800 -1 -1 -1 0 1 10000 2600 976 1 1 0
1 1001 1800 9997 1 1 0 0 10000 2600 -1 -1 -1 0
0 1001 1800 -1 -1 -1 0 1 10000 2600 995 1 1 0
1 1001 1800 9998 1 1 0 0 10000 2600 -1 -1 -1 0
0 1001 1800 -1 -1 -1 0 1 10000 2600 1005 1 -1 0
1 1001 1800 9999 1 1 0 0 10000 2600 -1 -1 -1 0
0 1001 1800 -1 -1 -1 0 1 10000 2600 1000 1 1 0
1 1001 1800 9999 1 1 0 0 10000 2600 -1 -1 -1 0
0 1001 1800 -1 -1 -1 0 1 10000 2600 1002 1 -1 0
1 1001 1800 9999 1 1 0 0 10000 2600 -1 -1 -1 0
0 1001 1800 -1 -1 -1 0 1 10000 2700 1001 1 0 0
1 97 1800 5000 1 1 0 0 10000 2700 -1 -1 -1 0
0 97 1800 -1 -1 -1 0 1 10000 2700 5000 1 -1 0
1 97 1800 7500 1 1 0 0 10000 2700 -1 -1 -1 0
0 97 1800 -1 -1 -1 0 1 10000 2700 2500 1 -1 0
1 97 1800 8750 1 1 0 0 10000 2700 -1 -1 -1 0
0 97 1800 -1 -1 -1 0 1 10000 2700 1250 1 -1 0
1 97 1800 9375 1 1 0 0 10000 2700 -1 -1 -1 0
0 97 1800 -1 -1 -1 0 1 10000 2700 625 1 -1 0
1 97 1800 9687 1 1 0 0 10000 2700 -1 -1 -1 0
0 97 1800 -1 -1 -1 0 1 10000 2700 312 1 -1 0
1 97 1800 9843 1 1 0 0 10000 2700 -1 -1 -1 0
0 97 1800 -1 -1 -1 0 1 10000 2700 156 1 -1 0
1 97 1800 9921 1 1 0 0 10000 2700 -1 -1 -1 0
0 97 1800 -1 -1 -1 0 1 10000 2700 78 1 1 0
1 97 1800 9960 1 1 0 0 10000 2700 -1 -1 -1 0
0 97 1800 -1 -1 -1 0 1 10000 2700 117 1 -1 0
1 97 1800 9980 1 1 0 0 10000 2700 -1 -1 -1 0
0 97 1800 -1 -1 -1 0 1 10000 2800 97 1 0 0
1 97 1800 9990 1 1 0 0 10000 2800 -1 -1 -1 0
0 97 1800 -1 -1 -1 0 1 10000 2800 5000 1 -1 0
1 97 1800 9995 1 1 0 0 10000 2800 -1 -1 -1 0
0 97 1800 -1 -1 -1 0 1 10000 2800 2500 1 -1 0
1 97 1800 9997 1 1 0 0 10000 2800 -1 -1 -1 0
0 97 1800 -1 -1 -1 0 1 10000 2800 1250 1 -1 0
1 97 1800 9998 1 1 0 0 10000 2800 -1 -1 -1 0
0 97 1800 -1 -1 -1 0 1 10000 2800 625 1 -1 0
1 97 1800 9999 1 1 0 0 10000 2800 -1 -1 -1 0
0 97 1800 -1 -1 -1 0 1 10000 2800 312 1 -1 0
1 97 1800 9999 1 1 0 0 10000 2800 -1 -1 -1 0
0 97 1800 -1 -1 -1 0 1 10000 2800 156 1 -1 0
1 97 1800 9999 1 1 0 0 10000 2800 -1 -1 -1 0
0 97 1800 -1 -1 -1 0 1 10000 2800 78 1 1 0
1 97 1800 5000 1 1 0 0 10000 2800 -1 -1 -1 0
0 97 1800 -1 -1 -1 0 1 10000 2800 117 1 -1 0
1 97 1800 7500 1 1 0 0 10000 2800 -1 -1 -1 0
0 97 1800 -1 -1 -1 0 1 10000 2900 97 1 0 0
1 97 1800 8750 1 1 0 0 10000 2900 -1 -1 -1 0
0 97 1800 -1 -1 -1 0 1 10000 2900 5000 1 -1 0
1 97 1800 9375 1 1 0 0 10000 2900 -1 -1 -1 0
0 97 1800 -1 -1 -1 0 1 10000 2900 2500 1 -1 0
1 97 1800 9687 1 1 0 0 10000 2900 -1 -1 -1 0
0 97 1800 -1 -1 -1 0 1 10000 2900 1250 1 -1 0
1 97 1800 9843 1 1 0 0 10000 2900 -1 -1 -1 0
0 97 1800 -1 -1 -1 0 1 10000 2900 625 1 -1 0
1 97 1800 9921 1 1 0 0 10000 2900 -1 -1 -1 0
0 97 1800 -1 -1 -1 0 1 10000 2900 312 1 -1 0
1 97 1800 9960 1 1 0 0 10000 2900 -1 -1 -1 0
0 97 1800 -1 -1 -1 0 1 10000 2900 156 1 -1 0
1 97 1800 9980 1 1 0 0 10000 2900 -1 -1 -1 0
0 97 1800 -1 -1 -1 0 1 10000 2900 78 1 1 0
1 97 1800 9990 1 1 0 0 10000 2900 -1 -1 -1 0
0 97 1800 -1 -1 -1 0 1 10000 2900 117 1 -1 0
1 97 1800 9995 1 1 0 0 10000 2900 -1 -1 -1 0
0 97 1800 -1 -1 -1 0 1 10000 3000 97 1 0 0
1 8989 1800 9997 1 1 0 0 10000 3000 -1 -1 -1 0
0 8989 1800 -1 -1 -1 0 1 10000 3000 5000 1 1 0
1 8989 1800 9998 1 1 0 0 10000 3000 -1 -1 -1 0
0 8989 1800 -1 -1 -1 0 1 10000 3000 7500 1 1 0
1 8989 1800 9999 1 1 0 0 10000 3000 -1 -1 -1 0
0 8989 1800 -1 -1 -1 0 1 10000 3000 8750 1 1 0
1 8989 1800 9999 1 1 0 0 10000 3000 -1 -1 -1 0
0 8989 1800 -1 -1 -1 0 1 10000 3000 9375 1 -1 0
1 8989 1800 9999 1 1 0 0 10000 3000 -1 -1 -1 0
0 8989 1800 -1 -1 -1 0 1 10000 3000 9062 1 -1 0
1 8989 1800 5000 1 1 0 0 10000 3000 -1 -1 -1 0
0 8989 1800 -1 -1 -1 0 1 10000 3000 8906 1 1 0
1 8989 1800 7500 1 1 0 0 10000 3000 -1 -1 -1 0
0 8989 1800 -1 -1 -1 0 1 10000 3000 8984 1 1 0
1 8989 1800 8750 1 1 0 0 10000 3000 -1 -1 -1 0
0 8989 1800 -1 -1 -1 0 1 10000 3000 9023 1 -1 0
1 8989 1800 9375 1 1 0 0 10000 3000 -1 -1 -1 0
0 8989 1800 -1 -1 -1 0 1 10000 3000 9003 1 -1 0
1 8989 1800 9687 1 1 0 0 10000 3000 -1 -1 -1 0
0 8989 1800 -1 -1 -1 0 1 10000 3000 8993 1 -1 0
1 8989 1800 9843 1 1 0 0 10000 3000 -1 -1 -1 0
0 8989 1800 -1 -1 -1 0 1 10000 3000 8988 1 1 0
1 8989 1800 9921 1 1 0 0 10000 3000 -1 -1 -1 0
0 8989 1800 -1 -1 -1 0 1 10000 3000 8990 1 -1 0
1 8989 1800 9960 1 1 0 0 10000 3000 -1 -1 -1 0
0 8989 1800 -1 -1 -1 0 1 10000 3100 8989 1 0 0
1 1 1800 9980 1 1 0 0 10000 3100 -1 -1 -1 0
0 1 1800 -1 -1 -1 0 1 10000 3100 5000 1 -1 0
1 1 1800 9990 1 1 0 0 10000 3100 -1 -1 -1 0
0 1 1800 -1 -1 -1 0 1 10000 3100 2500 1 -1 0
1 1 1800 9995 1 1 0 0 10000 3100 -1 -1 -1 0
0 1 1800 -1 -1 -1 0 1 10000 3100 1250 1 -1 0
1 1 1800 9997 1 1 0 0 10000 3100 -1 -1 -1 0
0 1 1800 -1 -1 -1 0 1 10000 3100 625 1 -1 0
1 1 1800 9998 1 1 0 0 10000 3100 -1 -1 -1 0
0 1 1800 -1 -1 -1 0 1 10000 3100 312 1 -1 0
1 1 1800 9999 1 1 0 0 10000 3100 -1 -1 -1 0
0 1 1800 -1 -1 -1 0 1 10000 3100 156 1 -1 0
1 1 1800 9999 1 1 0 0 10000 3100 -1 -1 -1 0
0 1 1800 -1 -1 -1 0 1 10000 3100 78 1 -1 0
1 1 1800 9999 1 1 0 0 10000 3100 -1 -1 -1 0
0 1 1800 -1 -1 -1 0 1 10000 3100 39 1 -1 0
1 1 1800 5000 1 1 0 0 10000 3100 -1 -1 -1 0
0 1 1800 -1 -1 -1 0 1 10000 3100 19 1 -1 0
1 1 1800 7500 1 1 0 0 10000 3100 -1 -1 -1 0
0 1 1800 -1 -1 -1 0 1 10000 3100 9 1 -1 0
1 1 1800 8750 1 1 0 0 10000 3100 -1 -1 -1 0
0 1 1800 -1 -1 -1 0 1 10000 3100 4 1 -1 0
1 1 1800 9375 1 1 0 0 10000 3100 -1 -1 -1 0
0 1 1800 -1 -1 -1 0 1 10000 3100 2 1 -1 0
1 1 1800 9687 1 1 0 0 10000 3100 -1 -1 -1 0
0 1 1800 -1 -1 -1 0 1 10000 3200 1 1 0 0
1 1 1800 9843 1 1 0 0 10000 3200 -1 -1 -1 0
0 1 1800 -1 -1 -1 0 1 10000 3200 5000 1 -1 0
1 1 1800 9921 1 1 0 0 10000 3200 -1 -1 -1 0
0 1 1800 -1 -1 -1 0 1 10000 3200 2500 1 -1 0
1 1 1800 9960 1 1 0 0 10000 3200 -1 -1 -1 0
0 1 1800 -1 -1 -1 0 1 10000 3200 1250 1 -1 0
1 1 1800 9980 1 1 0 0 10000 3200 -1 -1 -1 0
0 1 1800 -1 -1 -1 0 1 10000 3200 625 1 -1 0
1 1 1800 9990 1 1 0 0 10000 3200 -1 -1 -1 0
0 1 1800 -1 -1 -1 0 1 10000 3200 312 1 -1 0
1 1 1800 9995 1 1 0 0 10000 3200 -1 -1 -1 0
0 1 1800 -1 -1 -1 0 1 10000 3200 156 1 -1 0
1 1 1800 9997 1 1 0 0 10000 3200 -1 -1 -1 0
0 1 1800 -1 -1 -1 0 1 10000 3200 78 1 -1 0
1 1 1800 9998 1 1 0 0 10000 3200 -1 -1 -1 0
0 1 1800 -1 -1 -1 0 1 10000 3200 39 1 -1 0
1 1 1800 9999 1 1 0 0 10000 3200 -1 -1 -1 0
0 1 1800 -1 -1 -1 0 1 10000 3200 19 1 -1 0
1 1 1800 9999 1 1 0 0 10000 3200 -1 -1 -1 0
0 1 1800 -1 -1 -1 0 1 10000 3200 9 1 -1 0
1 1 1800 9999 1 1 0 0 10000 3200 -1 -1 -1 0
0 1 1800 -1 -1 -1 0 1 10000 3200 4 1 -1 0
1 1 1800 5000 1 1 0 0 10000 3200 -1 -1 -1 0
0 1 1800 -1 -1 -1 0 1 10000 3200 2 1 -1 0
1 1 1800 7500 1 1 0 0 10000 3200 -1 -1 -1 0
0 1 1800 -1 -1 -1 0 1 10000 3300 1 1 0 0
1 8989 1800 8750 1 1 0 0 10000 3300 -1 -1 -1 0
0 8989 1800 -1 -1 -1 0 1 10000 3300 5000 1 1 0
1 8989 1800 9375 1 1 0 0 10000 3300 -1 -1 -1 0
0 8989 1800 -1 -1 -1 0 1 10000 3300 7500 1 1 0
1 8989 1800 9687 1 1 0 0 10000 3300 -1 -1 -1 0
0 8989 1800 -1 -1 -1 0 1 10000 3300 8750 1 1 0
1 8989 1800 9843 1 1 0 0 10000 3300 -1 -1 -1 0
0 8989 1800 -1 -1 -1 0 1 10000 3300 9375 1 -1 0
1 8989 1800 9921 1 1 0 0 10000 3300 -1 -1 -1 0
0 8989 1800 -1 -1 -1 0 1 10000 3300 9062 1 -1 0
1 8989 1800 9960 1 1 0 0 10000 3300 -1 -1 -1 0
0 8989 1800 -1 -1 -1 0 1 10000 3300 8906 1 1 0
1 8989 1800 9980 1 1 0 0 10000 3300 -1 -1 -1 0
0 8989 1800 -1 -1 -1 0 1 10000 3300 8984 1 1 0
1 8989 1800 9990 1 1 0 0 10000 3300 -1 -1 -1 0
0 8989 1800 -1 -1 -1 0 1 10000 3300 9023 1 -1 0
1 8989 1800 9995 1 1 0 0 10000 3300 -1 -1 -1 0
0 8989 1800 -1 -1 -1 0 1 10000 3300 9003 1 -1 0
1 8989 1800 9997 1 1 0 0 10000 3300 -1 -1 -1 0
0 8989 1800 -1 -1 -1 0 1 10000 3300 8993 1 -1 0
1 8989 1800 9998 1 1 0 0 10000 3300 -1 -1 -1 0
0 8989 1800 -1 -1 -1 0 1 10000 3300 8988 1 1 0
1 8989 1800 9999 1 1 0 0 10000 3300 -1 -1 -1 0
0 8989 1800 -1 -1 -1 0 1 10000 3300 8990 1 -1 0
1 8989 1800 9999 1 1 0 0 10000 3300 -1 -1 -1 0
0 8989 1800 -1 -1 -1 0 1 10000 3400 8989 1 0 0
1 1979 1800 9999 1 1 0 0 10000 3400 -1 -1 -1 0
0 1979 1800 -1 -1 -1 0 1 10000 3400 5000 1 -1 0
1 1979 1800 5000 1 1 0 0 10000 3400 -1 -1 -1 0
0 1979 1800 -1 -1 -1 0 1 10000 3400 2500 1 -1 0
1 1979 1800 7500 1 1 0 0 10000 3400 -1 -1 -1 0
0 1979 1800 -1 -1 -1 0 1 10000 3400 1250 1 1 0
1 1979 1800 8750 1 1 0 0 10000 3400 -1 -1 -1 0
0 1979 1800 -1 -1 -1 0 1 10000 3400 1875 1 1 0
1 1979 1800 9375 1 1 0 0 10000 3400 -1 -1 -1 0
0 1979 1800 -1 -1 -1 0 1 10000 3400 2187 1 -1 0
1 1979 1800 9687 1 1 0 0 10000 3400 -1 -1 -1 0
0 1979 1800 -1 -1 -1 0 1 10000 3400 2031 1 -1 0
1 1979 1800 9843 1 1 0 0 10000 3400 -1 -1 -1 0
0 1979 1800 -1 -1 -1 0 1 10000 3400 1953 1 1 0
1 1979 1800 9921 1 1 0 0 10000 3400 -1 -1 -1 0
0 1979 1800 -1 -1 -1 0 1 10000 3400 1992 1 -1 0
1 1979 1800 9960 1 1 0 0 10000 3400 -1 -1 -1 0
0 1979 1800 -1 -1 -1 0 1 10000 3400 1972 1 1 0
1 1979 1800 9980 1 1 0 0 10000 3400 -1 -1 -1 0
0 1979 1800 -1 -1 -1 0 1 10000 3400 1982 1 -1 0
1 1979 1800 9990 1 1 0 0 10000 3400 -1 -1 -1 0
0 1979 1800 -1 -1 -1 0 1 10000 3400 1977 1 1 0
1 1979 1800 9995 1 1 0 0 10000 3400 -1 -1 -1 0
0 1979 1800 -1 -1 -1 0 1 10000 3500 1979 1 0 0
1 97 1800 9997 1 1 0 0 10000 3500 -1 -1 -1 0
0 97 1800 -1 -1 -1 0 1 10000 3500 5000 1 -1 0
1 97 1800 9998 1 1 0 0 10000 3500 -1 -1 -1 0
0 97 1800 -1 -1 -1 0 1 10000 3500 2500 1 -1 0
1 97 1800 9999 1 1 0 0 10000 3500 -1 -1 -1 0
0 97 1800 -1 -1 -1 0 1 10000 3500 1250 1 -1 0
1 97 1800 9999 1 1 0 0 10000 3500 -1 -1 -1 0
0 97 1800 -1 -1 -1 0 1 10000 3500 625 1 -1 0
1 97 1800 9999 1 1 0 0 10000 3500 -1 -1 -1 0
0 97 1800 -1 -1 -1 0 1 10000 3500 312 1 -1 0
1 97 1800 5000 1 1 0 0 10000 3500 -1 -1 -1 0
0 97 1800 -1 -1 -1 0 1 10000 3500 156 1 -1 0
1 97 1800 7500 1 1 0 0 10000 3500 -1 -1 -1 0
0 97 1800 -1 -1 -1 0 1 10000 3500 78 1 1 0
1 97 1800 8750 1 1 0 0 10000 3500 -1 -1 -1 0
0 97 1800 -1 -1 -1 0 1 10000 3500 117 1 -1 0
1 97 1800 9375 1 1 0 0 10000 3500 -1 -1 -1 0
0 97 1800 -1 -1 -1 0 1 10000 3600 97 1 0 0
1 10000 1800 9687 1 1 0 0 10000 3600 -1 -1 -1 0
0 10000 1800 -1 -1 -1 0 1 10000 3600 5000 1 1 0
1 10000 1800 9843 1 1 0 0 10000 3600 -1 -1 -1 0
0 10000 1800 -1 -1 -1 0 1 10000 3600 7500 1 1 0
1 10000 1800 9921 1 1 0 0 10000 3600 -1 -1 -1 0
0 10000 1800 -1 -1 -1 0 1 10000 3600 8750 1 1 0
1 10000 1800 9960 1 1 0 0 10000 3600 -1 -1 -1 0
0 10000 1800 -1 -1 -1 0 1 10000 3600 9375 1 1 0
1 10000 1800 9980 1 1 0 0 10000 3600 -1 -1 -1 0
0 10000 1800 -1 -1 -1 0 1 10000 3600 9688 1 1 0
1 10000 1800 9990 1 1 0 0 10000 3600 -1 -1 -1 0
0 10000 1800 -1 -1 -1 0 1 10000 3600 9844 1 1 0
1 10000 1800 9995 1 1 0 0 10000 3600 -1 -1 -1 0
0 10000 1800 -1 -1 -1 0 1 10000 3600 9922 1 1 0
1 10000 1800 9997 1 1 0 0 10000 3600 -1 -1 -1 0
0 10000 1800 -1 -1 -1 0 1 10000 3600 9961 1 1 0
1 10000 1800 9998 1 1 0 0 10000 3600 -1 -1 -1 0
0 10000 1800 -1 -1 -1 0 1 10000 3600 9981 1 1 0
1 10000 1800 9999 1 1 0 0 10000 3600 -1 -1 -1 0
0 10000 1800 -1 -1 -1 0 1 10000 3600 9991 1 1 0
1 10000 1800 9999 1 1 0 0 10000 3600 -1 -1 -1 0
0 10000 1800 -1 -1 -1 0 1 10000 3600 9996 1 1 0
1 10000 1800 9999 1 1 0 0 10000 3600 -1 -1 -1 0
0 10000 1800 -1 -1 -1 0 1 10000 3600 9998 1 1 0
1 10000 1800 5000 1 1 0 0 10000 3600 -1 -1 -1 0
0 10000 1800 -1 -1 -1 0 1 10000 3600 9999 1 1 0
1 10000 1800 7500 1 1 0 0 10000 3600 -1 -1 -1 0
0 10000 1800 -1 -1 -1 0 1 10000 3700 10000 1 0 0
1 97 1800 8750 1 1 0 0 10000 3700 -1 -1 -1 0
0 97 1800 -1 -1 -1 0 1 10000 3700 5000 1 -1 0
1 97 1800 9375 1 1 0 0 10000 3700 -1 -1 -1 0
0 97 1800 -1 -1 -1 0 1 10000 3700 2500 1 -1 0
1 97 1800 9687 1 1 0 0 10000 3700 -1 -1 -1 0
0 97 1800 -1 -1 -1 0 1 10000 3700 1250 1 -1 0
1 97 1800 9843 1 1 0 0 10000 3700 -1 -1 -1 0
0 97 1800 -1 -1 -1 0 1 10000 3700 625 1 -1 0
1 97 1800 9921 1 1 0 0 10000 3700 -1 -1 -1 0
0 97 1800 -1 -1 -1 0 1 10000 3700 312 1 -1 0
1 97 1800 9960 1 1 0 0 10000 3700 -1 -1 -1 0
0 97 1800 -1 -1 -1 0 1 10000 3700 156 1 -1 0
1 97 1800 9980 1 1 0 0 10000 3700 -1 -1 -1 0
0 97 1800 -1 -1 -1 0 1 10000 3700 78 1 1 0
1 97 1800 9990 1 1 0 0 10000 3700 -1 -1 -1 0
0 97 1800 -1 -1 -1 0 1 10000 3700 117 1 -1 0
1 97 1800 9995 1 1 0 0 10000 3700 -1 -1 -1 0
0 97 1800 -1 -1 -1 0 1 10000 3800 97 1 0 0
1 10000 1800 9997 1 1 0 0 10000 3800 -1 -1 -1 0
0 10000 1800 -1 -1 -1 0 1 10000 3800 5000 1 1 0
1 10000 1800 9998 1 1 0 0 10000 3800 -1 -1 -1 0
0 10000 1800 -1 -1 -1 0 1 10000 3800 7500 1 1 0
1 10000 1800 9999 1 1 0 0 10000 3800 -1 -1 -1 0
0 10000 1800 -1 -1 -1 0 1 10000 3800 8750 1 1 0
1 10000 1800 9999 1 1 0 0 10000 3800 -1 -1 -1 0
0 10000 1800 -1 -1 -1 0 1 10000 3800 9375 1 1 0
1 10000 1800 9999 1 1 0 0 10000 3800 -1 -1 -1 0
0 10000 1800 -1 -1 -1 0 1 10000 3800 9688 1 1 0
1 10000 1800 5000 1 1 0 0 10000 3800 -1 -1 -1 0
0 10000 1800 -1 -1 -1 0 1 10000 3800 9844 1 1 0
1 10000 1800 7500 1 1 0 0 10000 3800 -1 -1 -1 0
0 10000 1800 -1 -1 -1 0 1 10000 3800 9922 1 1 0
1 10000 1800 8750 1 1 0 0 10000 3800 -1 -1 -1 0
0 10000 1800 -1 -1 -1 0 1 10000 3800 9961 1 1 0
1 10000 1800 9375 1 1 0 0 10000 3800 -1 -1 -1 0
0 10000 1800 -1 -1 -1 0 1 10000 3800 9981 1 1 0
1 10000 1800 9687 1 1 0 0 10000 3800 -1 -1 -1 0
0 10000 1800 -1 -1 -1 0 1 10000 3800 9991 1 1 0
1 10000 1800 9843 1 1 0 0 10000 3800 -1 -1 -1 0
0 10000 1800 -1 -1 -1 0 1 10000 3800 9996 1 1 0
1 10000 1800 9921 1 1 0 0 10000 3800 -1 -1 -1 0
0 10000 1800 -1 -1 -1 0 1 10000 3800 9998 1 1 0
1 10000 1800 9960 1 1 0 0 10000 3800 -1 -1 -1 0
0 10000 1800 -1 -1 -1 0 1 10000 3800 9999 1 1 0
1 10000 1800 9980 1 1 0 0 10000 3800 -1 -1 -1 0
0 10000 1800 -1 -1 -1 0 1 10000 3900 10000 1 0 0
1 1979 1800 9990 1 1 0 0 10000 3900 -1 -1 -1 0
0 1979 1800 -1 -1 -1 0 1 10000 3900 5000 1 -1 0
1 1979 1800 9995 1 1 0 0 10000 3900 -1 -1 -1 0
0 1979 1800 -1 -1 -1 0 1 10000 3900 2500 1 -1 0
1 1979 1800 9997 1 1 0 0 10000 3900 -1 -1 -1 0
0 1979 1800 -1 -1 -1 0 1 10000 3900 1250 1 1 0
1 1979 1800 9998 1 1 0 0 10000 3900 -1 -1 -1 0
0 1979 1800 -1 -1 -1 0 1 10000 3900 1875 1 1 0
1 1979 1800 9999 1 1 0 0 10000 3900 -1 -1 -1 0
0 1979 1800 -1 -1 -1 0 1 10000 3900 2187 1 -1 0
1 1979 1800 9999 1 1 0 0 10000 3900 -1 -1 -1 0
0 1979 1800 -1 -1 -1 0 1 10000 3900 2031 1 -1 0
1 1979 1800 9999 1 1 0 0 10000 3900 -1 -1 -1 0
0 1979 1800 -1 -1 -1 0 1 10000 3900 1953 1 1 0
1 1979 1800 5000 1 1 0 0 10000 3900 -1 -1 -1 0
0 1979 1800 -1 -1 -1 0 1 10000 3900 1992 1 -1 0
1 1979 1800 7500 1 1 0 0 10000 3900 -1 -1 -1 0
0 1979 1800 -1 -1 -1 0 1 10000 3900 1972 1 1 0
1 1979 1800 8750 1 1 0 0 10000 3900 -1 -1 -1 0
0 1979 1800 -1 -1 -1 0 1 10000 3900 1982 1 -1 0
1 1979 1800 9375 1 1 0 0 10000 3900 -1 -1 -1 0
0 1979 1800 -1 -1 -1 0 1 10000 3900 1977 1 1 0
1 1979 1800 9687 1 1 0 0 10000 3900 -1 -1 -1 0
0 1979 1800 -1 -1 -1 0 1 10000 4000 1979 1 0 0
1 1979 1800 9843 1 1 0 0 10000 4000 -1 -1 -1 0
0 1979 1800 -1 -1 -1 0 1 10000 4000 5000 1 -1 0
1 1979 1800 9921 1 1 0 0 10000 4000 -1 -1 -1 0
0 1979 1800 -1 -1 -1 0 1 10000 4000 2500 1 -1 0
1 1979 1800 9960 1 1 0 0 10000 4000 -1 -1 -1 0
0 1979 1800 -1 -1 -1 0 1 10000 4000 1250 1 1 0
1 1979 1800 9980 1 1 0 0 10000 4000 -1 -1 -1 0
0 1979 1800 -1 -1 -1 0 1 10000 4000 1875 1 1 0
1 1979 1800 9990 1 1 0 0 10000 4000 -1 -1 -1 0
0 1979 1800 -1 -1 -1 0 1 10000 4000 2187 1 -1 0
1 1979 1800 9995 1 1 0 0 10000 4000 -1 -1 -1 0
0 1979 1800 -1 -1 -1 0 1 10000 4000 2031 1 -1 0
1 1979 1800 9997 1 1 0 0 10000 4000 -1 -1 -1 0
0 1979 1800 -1 -1 -1 0 1 10000 4000 1953 1 1 0
1 1979 1800 9998 1 1 0 0 10000 4000 -1 -1 -1 0
0 1979 1800 -1 -1 -1 0 1 10000 4000 1992 1 -1 0
1 1979 1800 9999 1 1 0 0 10000 4000 -1 -1 -1 0
0 1979 1800 -1 -1 -1 0 1 10000 4000 1972 1 1 0
1 1979 1800 9999 1 1 0 0 10000 4000 -1 -1 -1 0
0 1979 1800 -1 -1 -1 0 1 10000 4000 1982 1 -1 0
1 1979 1800 9999 1 1 0 0 10000 4000 -1 -1 -1 0
0 1979 1800 -1 -1 -1 0 1 10000 4000 1977 1 1 0
1 1979 1800 5000 1 1 0 0 10000 4000 -1 -1 -1 0
0 1979 1800 -1 -1 -1 0 1 10000 4100 1979 1 0 0
1 1979 1800 7500 1 1 0 0 10000 4100 -1 -1 -1 0
0 1979 1800 -1 -1 -1 0 1 10000 4100 5000 1 -1 0
1 1979 1800 8750 1 1 0 0 10000 4100 -1 -1 -1 0
0 1979 1800 -1 -1 -1 0 1 10000 4100 2500 1 -1 0
1 1979 1800 9375 1 1 0 0 10000 4100 -1 -1 -1 0
0 1979 1800 -1 -1 -1 0 1 10000 4100 1250 1 1 0
1 1979 1800 9687 1 1 0 0 10000 4100 -1 -1 -1 0
0 1979 1800 -1 -1 -1 0 1 10000 4100 1875 1 1 0
1 1979 1800 9843 1 1 0 0 10000 4100 -1 -1 -1 0
0 1979 1800 -1 -1 -1 0 1 10000 4100 2187 1 -1 0
1 1979 1800 9921 1 1 0 0 10000 4100 -1 -1 -1 0
0 1979 1800 -1 -1 -1 0 1 10000 4100 2031 1 -1 0
1 1979 1800 9960 1 1 0 0 10000 4100 -1 -1 -1 0
0 1979 1800 -1 -1 -1 0 1 10000 4100 1953 1 1 0
1 1979 1800 9980 1 1 0 0 10000 4100 -1 -1 -1 0
0 1979 1800 -1 -1 -1 0 1 10000 4100 1992 1 -1 0
1 1979 1800 9990 1 1 0 0 10000 4100 -1 -1 -1 0
0 1979 1800 -1 -1 -1 0 1 10000 4100 1972 1 1 0
1 1979 1800 9995 1 1 0 0 10000 4100 -1 -1 -1 0
0 1979 1800 -1 -1 -1 0 1 10000 4100 1982 1 -1 0
1 1979 1800 9997 1 1 0 0 10000 4100 -1 -1 -1 0
0 1979 1800 -1 -1 -1 0 1 10000 4100 1977 1 1 0
1 1979 1800 9998 1 1 0 0 10000 4100 -1 -1 -1 0
0 1979 1800 -1 -1 -1 0 1 10000 4200 1979 1 0 0
1 8989 1800 9999 1 1 0 0 10000 4200 -1 -1 -1 0
0 8989 1800 -1 -1 -1 0 1 10000 4200 5000 1 1 0
1 8989 1800 9999 1 1 0 0 10000 4200 -1 -1 -1 0
0 8989 1800 -1 -1 -1 0 1 10000 4200 7500 1 1 0
1 8989 1800 9999 1 1 0 0 10000 4200 -1 -1 -1 0
0 8989 1800 -1 -1 -1 0 1 10000 4200 8750 1 1 0
1 8989 1800 5000 1 1 0 0 10000 4200 -1 -1 -1 0
0 8989 1800 -1 -1 -1 0 1 10000 4200 9375 1 -1 0
1 8989 1800 7500 1 1 0 0 10000 4200 -1 -1 -1 0
0 8989 1800 -1 -1 -1 0 1 10000 4200 9062 1 -1 0
1 8989 1800 8750 1 1 0 0 10000 4200 -1 -1 -1 0
0 8989 1800 -1 -1 -1 0 1 10000 4200 8906 1 1 0
1 8989 1800 9375 1 1 0 0 10000 4200 -1 -1 -1 0
0 8989 1800 -1 -1 -1 0 1 10000 4200 8984 1 1 0
1 8989 1800 9687 1 1 0 0 10000 4200 -1 -1 -1 0
0 8989 1800 -1 -1 -1 0 1 10000 4200 9023 1 -1 0
1 8989 1800 9843 1 1 0 0 10000 4200 -1 -1 -1 0
0 8989 1800 -1 -1 -1 0 1 10000 4200 9003 1 -1 0
1 8989 1800 9921 1 1 0 0 10000 4200 -1 -1 -1 0
0 8989 1800 -1 -1 -1 0 1 10000 4200 8993 1 -1 0
1 8989 1800 9960 1 1 0 0 10000 4200 -1 -1 -1 0
0 8989 1800 -1 -1 -1 0 1 10000 4200 8988 1 1 0
1 8989 1800 9980 1 1 0 0 10000 4200 -1 -1 -1 0
0 8989 1800 -1 -1 -1 0 1 10000 4200 8990 1 -1 0
1 8989 1800 9990 1 1 0 0 10000 4200 -1 -1 -1 0
0 8989 1800 -1 -1 -1 0 1 10000 4300 8989 1 0 0
1 1001 1800 9995 1 1 0 0 10000 4300 -1 -1 -1 0
0 1001 1800 -1 -1 -1 0 1 10000 4300 5000 1 -1 0
1 1001 1800 9997 1 1 0 0 10000 4300 -1 -1 -1 0
0 1001 1800 -1 -1 -1 0 1 10000 4300 2500 1 -1 0
1 1001 1800 9998 1 1 0 0 10000 4300 -1 -1 -1 0
0 1001 1800 -1 -1 -1 0 1 10000 4300 1250 1 -1 0
1 1001 1800 9999 1 1 0 0 10000 4300 -1 -1 -1 0
0 1001 1800 -1 -1 -1 0 1 10000 4300 625 1 1 0
1 1001 1800 9999 1 1 0 0 10000 4300 -1 -1 -1 0
0 1001 1800 -1 -1 -1 0 1 10000 4300 937 1 1 0
1 1001 1800 9999 1 1 0 0 10000 4300 -1 -1 -1 0
0 1001 1800 -1 -1 -1 0 1 10000 4300 1093 1 -1 0
1 1001 1800 5000 1 1 0 0 10000 4300 -1 -1 -1 0
0 1001 1800 -1 -1 -1 0 1 10000 4300 1015 1 -1 0
1 1001 1800 7500 1 1 0 0 10000 4300 -1 -1 -1 0
0 1001 1800 -1 -1 -1 0 1 10000 4300 976 1 1 0
1 1001 1800 8750 1 1 0 0 10000 4300 -1 -1 -1 0
0 1001 1800 -1 -1 -1 0 1 10000 4300 995 1 1 0
1 1001 1800 9375 1 1 0 0 10000 4300 -1 -1 -1 0
0 1001 1800 -1 -1 -1 0 1 10000 4300 1005 1 -1 0
1 1001 1800 9687 1 1 0 0 10000 4300 -1 -1 -1 0
0 1001 1800 -1 -1 -1 0 1 10000 4300 1000 1 1 0
1 1001 1800 9843 1 1 0 0 10000 4300 -1 -1 -1 0
0 1001 1800 -1 -1 -1 0 1 10000 4300 1002 1 -1 0
1 1001 1800 9921 1 1 0 0 10000 4300 -1 -1 -1 0
0 1001 1800 -1 -1 -1 0 1 10000 4400 1001 1 0 0
1 97 1800 9960 1 1 0 0 10000 4400 -1 -1 -1 0
0 97 1800 -1 -1 -1 0 1 10000 4400 5000 1 -1 0
1 97 1800 9980 1 1 0 0 10000 4400 -1 -1 -1 0
0 97 1800 -1 -1 -1 0 1 10000 4400 2500 1 -1 0
1 97 1800 9990 1 1 0 0 10000 4400 -1 -1 -1 0
0 97 1800 -1 -1 -1 0 1 10000 4400 1250 1 -1 0
1 97 1800 9995 1 1 0 0 10000 4400 -1 -1 -1 0
0 97 1800 -1 -1 -1 0 1 10000 4400 625 1 -1 0
1 97 1800 9997 1 1 0 0 10000 4400 -1 -1 -1 0
0 97 1800 -1 -1 -1 0 1 10000 4400 312 1 -1 0
1 97 1800 9998 1 1 0 0 10000 4400 -1 -1 -1 0
0 97 1800 -1 -1 -1 0 1 10000 4400 156 1 -1 0
1 97 1800 9999 1 1 0 0 10000 4400 -1 -1 -1 0
0 97 1800 -1 -1 -1 0 1 10000 4400 78 1 1 0
1 97 1800 9999 1 1 0 0 10000 4400 -1 -1 -1 0
0 97 1800 -1 -1 -1 0 1 10000 4400 117 1 -1 0
1 97 1800 9999 1 1 0 0 10000 4400 -1 -1 -1 0
0 97 1800 -1 -1 -1 0 1 10000 4500 97 1 0 0
1 1001 1800 5000 1 1 0 0 10000 4500 -1 -1 -1 0
0 1001 1800 -1 -1 -1 0 1 10000 4500 5000 1 -1 0
1 1001 1800 7500 1 1 0 0 10000 4500 -1 -1 -1 0
0 1001 1800 -1 -1 -1 0 1 10000 4500 2500 1 -1 0
1 1001 1800 8750 1 1 0 0 10000 4500 -1 -1 -1 0
0 1001 1800 -1 -1 -1 0 1 10000 4500 1250 1 -1 0
1 1001 1800 9375 1 1 0 0 10000 4500 -1 -1 -1 0
0 1001 1800 -1 -1 -1 0 1 10000 4500 625 1 1 0
1 1001 1800 9687 1 1 0 0 10000 4500 -1 -1 -1 0
0 1001 1800 -1 -1 -1 0 1 10000 4500 937 1 1 0
1 1001 1800 9843 1 1 0 0 10000 4500 -1 -1 -1 0
0 1001 1800 -1 -1 -1 0 1 10000 4500 1093 1 -1 0
1 1001 1800 9921 1 1 0 0 10000 4500 -1 -1 -1 0
0 1001 1800 -1 -1 -1 0 1 10000 4500 1015 1 -1 0
1 1001 1800 9960 1 1 0 0 10000 4500 -1 -1 -1 0
0 1001 1800 -1 -1 -1 0 1 10000 4500 976 1 1 0
1 1001 1800 9980 1 1 0 0 10000 4500 -1 -1 -1 0
0 1001 1800 -1 -1 -1 0 1 10000 4500 995 1 1 0
1 1001 1800 9990 1 1 0 0 10000 4500 -1 -1 -1 0
0 1001 1800 -1 -1 -1 0 1 10000 4500 1005 1 -1 0
1 1001 1800 9995 1 1 0 0 10000 4500 -1 -1 -1 0
0 1001 1800 -1 -1 -1 0 1 10000 4500 1000 1 1 0
1 1001 1800 9997 1 1 0 0 10000 4500 -1 -1 -1 0
0 1001 1800 -1 -1 -1 0 1 10000 4500 1002 1 -1 0
1 1001 1800 9998 1 1 0 0 10000 4500 -1 -1 -1 0
0 1001 1800 -1 -1 -1 0 1 10000 4600 1001 1 0 0
1 1001 1800 9999 1 1 0 0 10000 4600 -1 -1 -1 0
0 1001 1800 -1 -1 -1 0 1 10000 4600 5000 1 -1 0
1 1001 1800 9999 1 1 0 0 10000 4600 -1 -1 -1 0
0 1001 1800 -1 -1 -1 0 1 10000 4600 2500 1 -1 0
1 1001 1800 9999 1 1 0 0 10000 4600 -1 -1 -1 0
0 1001 1800 -1 -1 -1 0 1 10000 4600 1250 1 -1 0
1 1001 1800 5000 1 1 0 0 10000 4600 -1 -1 -1 0
0 1001 1800 -1 -1 -1 0 1 10000 4600 625 1 1 0
1 1001 1800 7500 1 1 0 0 10000 4600 -1 -1 -1 0
0 1001 1800 -1 -1 -1 0 1 10000 4600 937 1 1 0
1 1001 1800 8750 1 1 0 0 10000 4600 -1 -1 -1 0
0 1001 1800 -1 -1 -1 0 1 10000 4600 1093 1 -1 0
1 1001 1800 9375 1 1 0 0 10000 4600 -1 -1 -1 0
0 1001 1800 -1 -1 -1 0 1 10000 4600 1015 1 -1 0
1 1001 1800 9687 1 1 0 0 10000 4600 -1 -1 -1 0
0 1001 1800 -1 -1 -1 0 1 10000 4600 976 1 1 0
1 1001 1800 9843 1 1 0 0 10000 4600 -1 -1 -1 0
0 1001 1800 -1 -1 -1 0 1 10000 4600 995 1 1 0
1 1001 1800 9921 1 1 0 0 10000 4600 -1 -1 -1 0
0 1001 1800 -1 -1 -1 0 1 10000 4600 1005 1 -1 0
1 1001 1800 9960 1 1 0 0 10000 4600 -1 -1 -1 0
0 1001 1800 -1 -1 -1 0 1 10000 4600 1000 1 1 0
1 1001 1800 9980 1 1 0 0 10000 4600 -1 -1 -1 0
0 1001 1800 -1 -1 -1 0 1 10000 4600 1002 1 -1 0
1 1001 1800 9990 1 1 0 0 10000 4600 -1 -1 -1 0
0 1001 1800 -1 -1 -1 0 1 10000 4700 1001 1 0 0
1 8989 1800 9995 1 1 0 0 10000 4700 -1 -1 -1 0
0 8989 1800 -1 -1 -1 0 1 10000 4700 5000 1 1 0
1 8989 1800 9997 1 1 0 0 10000 4700 -1 -1 -1 0
0 8989 1800 -1 -1 -1 0 1 10000 4700 7500 1 1 0
1 8989 1800 9998 1 1 0 0 10000 4700 -1 -1 -1 0
0 8989 1800 -1 -1 -1 0 1 10000 4700 8750 1 1 0
1 8989 1800 9999 1 1 0 0 10000 4700 -1 -1 -1 0
0 8989 1800 -1 -1 -1 0 1 10000 4700 9375 1 -1 0
1 8989 1800 9999 1 1 0 0 10000 4700 -1 -1 -1 0
0 8989 1800 -1 -1 -1 0 1 10000 4700 9062 1 -1 0
1 8989 1800 9999 1 1 0 0 10000 4700 -1 -1 -1 0
0 8989 1800 -1 -1 -1 0 1 10000 4700 8906 1 1 0
1 8989 1800 5000 1 1 0 0 10000 4700 -1 -1 -1 0
0 8989 1800 -1 -1 -1 0 1 10000 4700 8984 1 1 0
1 8989 1800 7500 1 1 0 0 10000 4700 -1 -1 -1 0
0 8989 1800 -1 -1 -1 0 1 10000 4700 9023 1 -1 0
1 8989 1800 8750 1 1 0 0 10000 4700 -1 -1 -1 0
0 8989 1800 -1 -1 -1 0 1 10000 4700 9003 1 -1 0
1 8989 1800 9375 1 1 0 0 10000 4700 -1 -1 -1 0
0 8989 1800 -1 -1 -1 0 1 10000 4700 8993 1 -1 0
1 8989 1800 9687 1 1 0 0 10000 4700 -1 -1 -1 0
0 8989 1800 -1 -1 -1 0 1 10000 4700 8988 1 1 0
1 8989 1800 9843 1 1 0 0 10000 4700 -1 -1 -1 0
0 8989 1800 -1 -1 -1 0 1 10000 4700 8990 1 -1 0
1 8989 1800 9921 1 1 0 0 10000 4700 -1 -1 -1 0
0 8989 1800 -1 -1 -1 0 1 10000 4800 8989 1 0 0
1 1 1800 9960 1 1 0 0 10000 4800 -1 -1 -1 0
0 1 1800 -1 -1 -1 0 1 10000 4800 5000 1 -1 0
1 1 1800 9980 1 1 0 0 10000 4800 -1 -1 -1 0
0 1 1800 -1 -1 -1 0 1 10000 4800 2500 1 -1 0
1 1 1800 9990 1 1 0 0 10000 4800 -1 -1 -1 0
0 1 1800 -1 -1 -1 0 1 10000 4800 1250 1 -1 0
1 1 1800 9995 1 1 0 0 10000 4800 -1 -1 -1 0
0 1 1800 -1 -1 -1 0 1 10000 4800 625 1 -1 0
1 1 1800 9997 1 1 0 0 10000 4800 -1 -1 -1 0
0 1 1800 -1 -1 -1 0 1 10000 4800 312 1 -1 0
1 1 1800 9998 1 1 0 0 10000 4800 -1 -1 -1 0
0 1 1800 -1 -1 -1 0 1 10000 4800 156 1 -1 0
1 1 1800 9999 1 1 0 0 10000 4800 -1 -1 -1 0
0 1 1800 -1 -1 -1 0 1 10000 4800 78 1 -1 0
1 1 1800 9999 1 1 0 0 10000 4800 -1 -1 -1 0
0 1 1800 -1 -1 -1 0 1 10000 4800 39 1 -1 0
1 1 1800 9999 1 1 0 0 10000 4800 -1 -1 -1 0
0 1 1800 -1 -1 -1 0 1 10000 4800 19 1 -1 0
1 1 1800 5000 1 1 0 0 10000 4800 -1 -1 -1 0
0 1 1800 -1 -1 -1 0 1 10000 4800 9 1 -1 0
1 1 1800 7500 1 1 0 0 10000 4800 -1 -1 -1 0
0 1 1800 -1 -1 -1 0 1 10000 4800 4 1 -1 0
1 1 1800 8750 1 1 0 0 10000 4800 -1 -1 -1 0
0 1 1800 -1 -1 -1 0 1 10000 4800 2 1 -1 0
1 1 1800 9375 1 1 0 0 10000 4800 -1 -1 -1 0
0 1 1800 -1 -1 -1 0 1 10000 4900 1 1 0 0
1 8989 1800 9687 1 1 0 0 10000 4900 -1 -1 -1 0
0 8989 1800 -1 -1 -1 0 1 10000 4900 5000 1 1 0
1 9028 1800 9843 1 1 0 0 10000 4900 -1 -1 -1 0
0 9028 1800 -1 -1 -1 0 1 10000 4900 7500 1 1 0
1 9028 1800 9921 1 1 0 0 10000 4900 -1 -1 -1 0
0 9028 1800 -1 -1 -1 0 1 10000 4900 8750 1 1 0
1 9028 1800 9960 1 1 0 0 10000 4900 -1 -1 -1 0
0 9028 1800 -1 -1 -1 0 1 10000 4900 9375 1 -1 0
1 9028 1800 9980 1 1 0 0 10000 4900 -1 -1 -1 0
0 9028 1800 -1 -1 -1 0 1 10000 4900 9062 1 -1 0
1 9028 1800 9990 1 1 0 0 10000 4900 -1 -1 -1 0
0 9028 1800 -1 -1 -1 0 1 10000 4900 8906 1 1 0
1 9028 1800 9995 1 1 0 0 10000 4900 -1 -1 -1 0
0 9028 1800 -1 -1 -1 0 1 10000 4900 8984 1 1 0
1 9028 1800 9997 1 1 0 0 10000 4900 -1 -1 -1 0
0 9028 1800 -1 -1 -1 0 1 10000 4900 9023 1 1 0
1 9028 1800 9998 1 1 0 0 10000 4900 -1 -1 -1 0
0 9028 1800 -1 -1 -1 0 1 10000 4900 9042 1 -1 0
1 9028 1800 9999 1 1 0 0 10000 4900 -1 -1 -1 0
0 9028 1800 -1 -1 -1 0 1 10000 4900 9032 1 -1 0
1 9028 1800 9999 1 1 0 0 10000 4900 -1 -1 -1 0
0 9028 1800 -1 -1 -1 0 1 10000 4900 9027 1 1 0
1 9028 1800 9999 1 1 0 0 10000 4900 -1 -1 -1 0
0 9028 1800 -1 -1 -1 0 1 10000 4900 9029 1 -1 0
1 9028 1800 5000 1 1 0 0 10000 4900 -1 -1 -1 0
0 9028 1800 -1 -1 -1 0 1 10000 5000 9028 1 0 0
1 97 1800 7500 1 1 0 0 10000 5000 -1 -1 -1 0
0 97 1800 -1 -1 -1 0 1 10000 5000 5000 1 -1 0
1 97 1800 8750 1 1 0 0 10000 5000 -1 -1 -1 0
0 97 1800 -1 -1 -1 0 1 10000 5000 2500 1 -1 0
1 97 1800 9375 1 1 0 0 10000 5000 -1 -1 -1 0
0 97 1800 -1 -1 -1 0 1 10000 5000 1250 1 -1 0
1 97 1800 9687 1 1 0 0 10000 5000 -1 -1 -1 0
0 97 1800 -1 -1 -1 0 1 10000 5000 625 1 -1 0
1 97 1800 9843 1 1 0 0 10000 5000 -1 -1 -1 0
0 97 1800 -1 -1 -1 0 1 10000 5000 312 1 -1 0
1 97 1800 9921 1 1 0 0 10000 5000 -1 -1 -1 0
0 97 1800 -1 -1 -1 0 1 10000 5000 156 1 -1 0
1 97 1800 9960 1 1 0 0 10000 5000 -1 -1 -1 0
0 97 1800 -1 -1 -1 0 1 10000 5000 78 1 1 0
1 97 1800 9980 1 1 0 0 10000 5000 -1 -1 -1 0
0 97 1800 -1 -1 -1 0 1 10000 5000 117 1 -1 0
1 97 1800 9990 1 1 0 0 10000 5000 -1 -1 -1 0
0 97 1800 -1 -1 -1 0 1 10000 5100 97 1 0 0
1 1001 1800 9995 1 1 0 0 10000 5100 -1 -1 -1 0
0 1001 1800 -1 -1 -1 0 1 10000 5100 5000 1 -1 0
1 1001 1800 9997 1 1 0 0 10000 5100 -1 -1 -1 0
0 1001 1800 -1 -1 -1 0 1 10000 5100 2500 1 -1 0
1 1001 1800 9998 1 1 0 0 10000 5100 -1 -1 -1 0
0 1001 1800 -1 -1 -1 0 1 10000 5100 1250 1 -1 0
1 1001 1800 9999 1 1 0 0 10000 5100 -1 -1 -1 0
0 1001 1800 -1 -1 -1 0 1 10000 5100 625 1 1 0
1 1001 1800 9999 1 1 0 0 10000 5100 -1 -1 -1 0
0 1001 1800 -1 -1 -1 0 1 10000 5100 937 1 1 0
1 1001 1800 9999 1 1 0 0 10000 5100 -1 -1 -1 0
0 1001 1800 -1 -1 -1 0 1 10000 5100 1093 1 -1 0
1 1001 1800 5000 1 1 0 0 10000 5100 -1 -1 -1 0
0 1001 1800 -1 -1 -1 0 1 10000 5100 1015 1 -1 0
1 1001 1800 7500 1 1 0 0 10000 5100 -1 -1 -1 0
0 1001 1800 -1 -1 -1 0 1 10000 5100 976 1 1 0
1 1001 1800 8750 1 1 0 0 10000 5100 -1 -1 -1 0
0 1001 1800 -1 -1 -1 0 1 10000 5100 995 1 1 0
1 1001 1800 9375 1 1 0 0 10000 5100 -1 -1 -1 0
0 1001 1800 -1 -1 -1 0 1 10000 5100 1005 1 -1 0
1 1001 1800 9687 1 1 0 0 10000 5100 -1 -1 -1 0
0 1001 1800 -1 -1 -1 0 1 10000 5100 1000 1 1 0
1 1001 1800 9843 1 1 0 0 10000 5100 -1 -1 -1 0
0 1001 1800 -1 -1 -1 0 1 10000 5100 1002 1 -1 0
1 1001 1800 9921 1 1 0 0 10000 5100 -1 -1 -1 0
0 1001 1800 -1 -1 -1 0 1 10000 5200 1001 1 0 0
1 1001 1800 9960 1 1 0 0 10000 5200 -1 -1 -1 0
0 1001 1800 -1 -1 -1 0 1 10000 5200 5000 1 -1 0
1 1001 1800 9980 1 1 0 0 10000 5200 -1 -1 -1 0
0 1001 1800 -1 -1 -1 0 1 10000 5200 2500 1 -1 0
1 1001 1800 9990 1 1 0 0 10000 5200 -1 -1 -1 0
0 1001 1800 -1 -1 -1 0 1 10000 5200 1250 1 -1 0
1 1001 1800 9995 1 1 0 0 10000 5200 -1 -1 -1 0
0 1001 1800 -1 -1 -1 0 1 10000 5200 625 1 1 0
1 1001 1800 9997 1 1 0 0 10000 5200 -1 -1 -1 0
0 1001 1800 -1 -1 -1 0 1 10000 5200 937 1 1 0
1 1001 1800 9998 1 1 0 0 10000 5200 -1 -1 -1 0
0 1001 1800 -1 -1 -1 0 1 10000 5200 1093 1 -1 0
1 1001 1800 9999 1 1 0 0 10000 5200 -1 -1 -1 0
0 1001 1800 -1 -1 -1 0 1 10000 5200 1015 1 -1 0
1 1001 1800 9999 1 1 0 0 10000 5200 -1 -1 -1 0
0 1001 1800 -1 -1 -1 0 1 10000 5200 976 1 1 0
1 1001 1800 9999 1 1 0 0 10000 5200 -1 -1 -1 0
0 1001 1800 -1 -1 -1 0 1 10000 5200 995 1 1 0
1 1001 1800 5000 1 1 0 0 10000 5200 -1 -1 -1 0
0 1001 1800 -1 -1 -1 0 1 10000 5200 1005 1 -1 0
1 1001 1800 7500 1 1 0 0 10000 5200 -1 -1 -1 0
0 1001 1800 -1 -1 -1 0 1 10000 5200 1000 1 1 0
1 1001 1800 8750 1 1 0 0 10000 5200 -1 -1 -1 0
0 1001 1800 -1 -1 -1 0 1 10000 5200 1002 1 -1 0
1 1001 1800 9375 1 1 0 0 10000 5200 -1 -1 -1 0
0 1001 1800 -1 -1 -1 0 1 10000 5300 1001 1 0 0
1 1979 1800 9687 1 1 0 0 10000 5300 -1 -1 -1 0
0 1979 1800 -1 -1 -1 0 1 10000 5300 5000 1 -1 0
1 1979 1800 9843 1 1 0 0 10000 5300 -1 -1 -1 0
0 1979 1800 -1 -1 -1 0 1 10000 5300 2500 1 -1 0
1 1979 1800 9921 1 1 0 0 10000 5300 -1 -1 -1 0
0 1979 1800 -1 -1 -1 0 1 10000 5300 1250 1 1 0
1 1979 1800 9960 1 1 0 0 10000 5300 -1 -1 -1 0
0 1979 1800 -1 -1 -1 0 1 10000 5300 1875 1 1 0
1 1979 1800 9980 1 1 0 0 10000 5300 -1 -1 -1 0
0 1979 1800 -1 -1 -1 0 1 10000 5300 2187 1 -1 0
1 1979 1800 9990 1 1 0 0 10000 5300 -1 -1 -1 0
0 1979 1800 -1 -1 -1 0 1 10000 5300 2031 1 -1 0
1 1979 1800 9995 1 1 0 0 10000 5300 -1 -1 -1 0
0 1979 1800 -1 -1 -1 0 1 10000 5300 1953 1 1 0
1 1979 1800 9997 1 1 0 0 10000 5300 -1 -1 -1 0
0 1979 1800 -1 -1 -1 0 1 10000 5300 1992 1 -1 0
1 1979 1800 9998 1 1 0 0 10000 5300 -1 -1 -1 0
0 1979 1800 -1 -1 -1 0 1 10000 5300 1972 1 1 0
1 1979 1800 9999 1 1 0 0 10000 5300 -1 -1 -1 0
0 1979 1800 -1 -1 -1 0 1 10000 5300 1982 1 -1 0
1 1979 1800 9999 1 1 0 0 10000 5300 -1 -1 -1 0
0 1979 1800 -1 -1 -1 0 1 10000 5300 1977 1 1 0
1 1979 1800 9999 1 1 0 0 10000 5300 -1 -1 -1 0
0 1979 1800 -1 -1 -1 0 1 10000 5400 1979 1 0 0
1 1001 1800 5000 1 1 0 0 10000 5400 -1 -1 -1 0
0 1001 1800 -1 -1 -1 0 1 10000 5400 5000 1 -1 0
1 1001 1800 7500 1 1 0 0 10000 5400 -1 -1 -1 0
0 1001 1800 -1 -1 -1 0 1 10000 5400 2500 1 -1 0
1 1001 1800 8750 1 1 0 0 10000 5400 -1 -1 -1 0
0 1001 1800 -1 -1 -1 0 1 10000 5400 1250 1 -1 0
1 1001 1800 9375 1 1 0 0 10000 5400 -1 -1 -1 0
0 1001 1800 -1 -1 -1 0 1 10000 5400 625 1 1 0
1 1001 1800 9687 1 1 0 0 10000 5400 -1 -1 -1 0
0 1001 1800 -1 -1 -1 0 1 10000 5400 937 1 1 0
1 1001 1800 9843 1 1 0 0 10000 5400 -1 -1 -1 0
0 1001 1800 -1 -1 -1 0 1 10000 5400 1093 1 -1 0
1 1001 1800 9921 1 1 0 0 10000 5400 -1 -1 -1 0
0 1001 1800 -1 -1 -1 0 1 10000 5400 1015 1 -1 0
1 1001 1800 9960 1 1 0 0 10000 5400 -1 -1 -1 0
0 1001 1800 -1 -1 -1 0 1 10000 5400 976 1 1 0
1 1001 1800 9980 1 1 0 0 10000 5400 -1 -1 -1 0
0 1001 1800 -1 -1 -1 0 1 10000 5400 995 1 1 0
1 1001 1800 9990 1 1 0 0 10000 5400 -1 -1 -1 0
0 1001 1800 -1 -1 -1 0 1 10000 5400 1005 1 -1 0
1 1001 1800 9995 1 1 0 0 10000 5400 -1 -1 -1 0
0 1001 1800 -1 -1 -1 0 1 10000 5400 1000 1 1 0
1 1001 1800 9997 1 1 0 0 10000 5400 -1 -1 -1 0
0 1001 1800 -1 -1 -1 0 1 10000 5400 1002 1 -1 0
1 1001 1800 9998 1 1 0 0 10000 5400 -1 -1 -1 0
0 1001 1800 -1 -1 -1 0 1 10000 5500 1001 1 0 0
1 1001 1800 9999 1 1 0 0 10000 5500 -1 -1 -1 0
0 1001 1800 -1 -1 -1 0 1 10000 5500 5000 1 -1 0
1 1001 1800 9999 1 1 0 0 10000 5500 -1 -1 -1 0
0 1001 1800 -1 -1 -1 0 1 10000 5500 2500 1 -1 0
1 1001 1800 9999 1 1 0 0 10000 5500 -1 -1 -1 0
0 1001 1800 -1 -1 -1 0 1 10000 5500 1250 1 -1 0
1 1001 1800 5000 1 1 0 0 10000 5500 -1 -1 -1 0
0 1001 1800 -1 -1 -1 0 1 10000 5500 625 1 1 0
1 1001 1800 7500 1 1 0 0 10000 5500 -1 -1 -1 0
0 1001 1800 -1 -1 -1 0 1 10000 5500 937 1 1 0
1 1001 1800 8750 1 1 0 0 10000 5500 -1 -1 -1 0
0 1001 1800 -1 -1 -1 0 1 10000 5500 1093 1 -1 0
1 1001 1800 9375 1 1 0 0 10000 5500 -1 -1 -1 0
0 1001 1800 -1 -1 -1 0 1 10000 5500 1015 1 -1 0
1 1001 1800 9687 1 1 0 0 10000 5500 -1 -1 -1 0
0 1001 1800 -1 -1 -1 0 1 10000 5500 976 1 1 0
1 1001 1800 9843 1 1 0 0 10000 5500 -1 -1 -1 0
0 1001 1800 -1 -1 -1 0 1 10000 5500 995 1 1 0
1 1001 1800 9921 1 1 0 0 10000 5500 -1 -1 -1 0
0 1001 1800 -1 -1 -1 0 1 10000 5500 1005 1 -1 0
1 1001 1800 9960 1 1 0 0 10000 5500 -1 -1 -1 0
0 1001 1800 -1 -1 -1 0 1 10000 5500 1000 1 1 0
1 1001 1800 9980 1 1 0 0 10000 5500 -1 -1 -1 0
0 1001 1800 -1 -1 -1 0 1 10000 5500 1002 1 -1 0
1 1001 1800 9990 1 1 0 0 10000 5500 -1 -1 -1 0
0 1001 1800 -1 -1 -1 0 1 10000 5600 1001 1 0 0
1 10000 1800 9995 1 1 0 0 10000 5600 -1 -1 -1 0
0 10000 1800 -1 -1 -1 0 1 10000 5600 5000 1 1 0
1 10000 1800 9997 1 1 0 0 10000 5600 -1 -1 -1 0
0 10000 1800 -1 -1 -1 0 1 10000 5600 7500 1 1 0
1 10000 1800 9998 1 1 0 0 10000 5600 -1 -1 -1 0
0 10000 1800 -1 -1 -1 0 1 10000 5600 8750 1 1 0
1 10000 1800 9999 1 1 0 0 10000 5600 -1 -1 -1 0
0 10000 1800 -1 -1 -1 0 1 10000 5600 9375 1 1 0
1 10000 1800 9999 1 1 0 0 10000 5600 -1 -1 -1 0
0 10000 1800 -1 -1 -1 0 1 10000 5600 9688 1 1 0
1 10000 1800 9999 1 1 0 0 10000 5600 -1 -1 -1 0
0 10000 1800 -1 -1 -1 0 1 10000 5600 9844 1 1 0
1 10000 1800 5000 1 1 0 0 10000 5600 -1 -1 -1 0
0 10000 1800 -1 -1 -1 0 1 10000 5600 9922 1 1 0
1 10000 1800 7500 1 1 0 0 10000 5600 -1 -1 -1 0
0 10000 1800 -1 -1 -1 0 1 10000 5600 9961 1 1 0
1 10000 1800 8750 1 1 0 0 10000 5600 -1 -1 -1 0
0 10000 1800 -1 -1 -1 0 1 10000 5600 9981 1 1 0
1 10000 1800 9375 1 1 0 0 10000 5600 -1 -1 -1 0
0 10000 1800 -1 -1 -1 0 1 10000 5600 9991 1 1 0
1 10000 1800 9687 1 1 0 0 10000 5600 -1 -1 -1 0
0 10000 1800 -1 -1 -1 0 1 10000 5600 9996 1 1 0
1 10000 1800 9843 1 1 0 0 10000 5600 -1 -1 -1 0
0 10000 1800 -1 -1 -1 0 1 10000 5600 9998 1 1 0
1 10000 1800 9921 1 1 0 0 10000 5600 -1 -1 -1 0
0 10000 1800 -1 -1 -1 0 1 10000 5600 9999 1 1 0
1 10000 1800 9960 1 1 0 0 10000 5600 -1 -1 -1 0
0 10000 1800 -1 -1 -1 0 1 10000 5700 10000 1 0 0
1 97 1800 9980 1 1 0 0 10000 5700 -1 -1 -1 0
0 97 1800 -1 -1 -1 0 1 10000 5700 5000 1 -1 0
1 97 1800 9990 1 1 0 0 10000 5700 -1 -1 -1 0
0 97 1800 -1 -1 -1 0 1 10000 5700 2500 1 -1 0
1 97 1800 9995 1 1 0 0 10000 5700 -1 -1 -1 0
0 97 1800 -1 -1 -1 0 1 10000 5700 1250 1 -1 0
1 97 1800 9997 1 1 0 0 10000 5700 -1 -1 -1 0
0 97 1800 -1 -1 -1 0 1 10000 5700 625 1 -1 0
1 97 1800 9998 1 1 0 0 10000 5700 -1 -1 -1 0
0 97 1800 -1 -1 -1 0 1 10000 5700 312 1 -1 0
1 97 1800 9999 1 1 0 0 10000 5700 -1 -1 -1 0
0 97 1800 -1 -1 -1 0 1 10000 5700 156 1 -1 0
1 97 1800 9999 1 1 0 0 10000 5700 -1 -1 -1 0
0 97 1800 -1 -1 -1 0 1 10000 5700 78 1 1 0
1 97 1800 9999 1 1 0 0 10000 5700 -1 -1 -1 0
0 97 1800 -1 -1 -1 0 1 10000 5700 117 1 -1 0
1 97 1800 5000 1 1 0 0 10000 5700 -1 -1 -1 0
0 97 1800 -1 -1 -1 0 1 10000 5800 97 1 0 0
1 1979 1800 7500 1 1 0 0 10000 5800 -1 -1 -1 0
0 1979 1800 -1 -1 -1 0 1 10000 5800 5000 1 -1 0
1 1979 1800 8750 1 1 0 0 10000 5800 -1 -1 -1 0
0 1979 1800 -1 -1 -1 0 1 10000 5800 2500 1 -1 0
1 1979 1800 9375 1 1 0 0 10000 5800 -1 -1 -1 0
0 1979 1800 -1 -1 -1 0 1 10000 5800 1250 1 1 0
1 1979 1800 9687 1 1 0 0 10000 5800 -1 -1 -1 0
0 1979 1800 -1 -1 -1 0 1 10000 5800 1875 1 1 0
1 1979 1800 9843 1 1 0 0 10000 5800 -1 -1 -1 0
0 1979 1800 -1 -1 -1 0 1 10000 5800 2187 1 -1 0
1 1979 1800 9921 1 1 0 0 10000 5800 -1 -1 -1 0
0 1979 1800 -1 -1 -1 0 1 10000 5800 2031 1 -1 0
1 1979 1800 9960 1 1 0 0 10000 5800 -1 -1 -1 0
0 1979 1800 -1 -1 -1 0 1 10000 5800 1953 1 1 0
1 1979 1800 9980 1 1 0 0 10000 5800 -1 -1 -1 0
0 1979 1800 -1 -1 -1 0 1 10000 5800 1992 1 -1 0
1 1979 1800 9990 1 1 0 0 10000 5800 -1 -1 -1 0
0 1979 1800 -1 -1 -1 0 1 10000 5800 1972 1 1 0
1 1979 1800 9995 1 1 0 0 10000 5800 -1 -1 -1 0
0 1979 1800 -1 -1 -1 0 1 10000 5800 1982 1 -1 0
1 1979 1800 9997 1 1 0 0 10000 5800 -1 -1 -1 0
0 1979 1800 -1 -1 -1 0 1 10000 5800 1977 1 1 0
1 1979 1800 9998 1 1 0 0 10000 5800 -1 -1 -1 0
0 1979 1800 -1 -1 -1 0 1 10000 5900 1979 1 0 0
1 1979 1800 9999 1 1 0 0 10000 5900 -1 -1 -1 0
0 1979 1800 -1 -1 -1 0 1 10000 5900 5000 1 -1 0
1 1979 1800 9999 1 1 0 0 10000 5900 -1 -1 -1 0
0 1979 1800 -1 -1 -1 0 1 10000 5900 2500 1 -1 0
1 1979 1800 9999 1 1 0 0 10000 5900 -1 -1 -1 0
0 1979 1800 -1 -1 -1 0 1 10000 5900 1250 1 1 0
1 1979 1800 5000 1 1 0 0 10000 5900 -1 -1 -1 0
0 1979 1800 -1 -1 -1 0 1 10000 5900 1875 1 1 0
1 1979 1800 7500 1 1 0 0 10000 5900 -1 -1 -1 0
0 1979 1800 -1 -1 -1 0 1 10000 5900 2187 1 -1 0
1 1979 1800 8750 1 1 0 0 10000 5900 -1 -1 -1 0
0 1979 1800 -1 -1 -1 0 1 10000 5900 2031 1 -1 0
1 1979 1800 9375 1 1 0 0 10000 5900 -1 -1 -1 0
0 1979 1800 -1 -1 -1 0 1 10000 5900 1953 1 1 0
1 1979 1800 9687 1 1 0 0 10000 5900 -1 -1 -1 0
0 1979 1800 -1 -1 -1 0 1 10000 5900 1992 1 -1 0
1 1979 1800 9843 1 1 0 0 10000 5900 -1 -1 -1 0
0 1979 1800 -1 -1 -1 0 1 10000 5900 1972 1 1 0
1 1979 1800 9921 1 1 0 0 10000 5900 -1 -1 -1 0
0 1979 1800 -1 -1 -1 0 1 10000 5900 1982 1 -1 0
1 1979 1800 9960 1 1 0 0 10000 5900 -1 -1 -1 0
0 1979 1800 -1 -1 -1 0 1 10000 5900 1977 1 1 0
1 1979 1800 9980 1 1 0 0 10000 5900 -1 -1 -1 0
0 1979 1800 -1 -1 -1 0 1 10000 6000 1979 1 0 0
1 1001 1800 9990 1 1 0 0 10000 6000 -1 -1 -1 0
0 1001 1800 -1 -1 -1 0 1 10000 6000 5000 1 -1 0
1 1001 1800 9995 1 1 0 0 10000 6000 -1 -1 -1 0
0 1001 1800 -1 -1 -1 0 1 10000 6000 2500 1 -1 0
1 1001 1800 9997 1 1 0 0 10000 6000 -1 -1 -1 0
0 1001 1800 -1 -1 -1 0 1 10000 6000 1250 1 -1 0
1 1001 1800 9998 1 1 0 0 10000 6000 -1 -1 -1 0
0 1001 1800 -1 -1 -1 0 1 10000 6000 625 1 1 0
1 1001 1800 9999 1 1 0 0 10000 6000 -1 -1 -1 0
0 1001 1800 -1 -1 -1 0 1 10000 6000 937 1 1 0
1 1001 1800 9999 1 1 0 0 10000 6000 -1 -1 -1 0
0 1001 1800 -1 -1 -1 0 1 10000 6000 1093 1 -1 0
1 1001 1800 9999 1 1 0 0 10000 6000 -1 -1 -1 0
0 1001 1800 -1 -1 -1 0 1 10000 6000 1015 1 -1 0
1 1001 1800 5000 1 1 0 0 10000 6000 -1 -1 -1 0
0 1001 1800 -1 -1 -1 0 1 10000 6000 976 1 1 0
1 1001 1800 7500 1 1 0 0 10000 6000 -1 -1 -1 0
0 1001 1800 -1 -1 -1 0 1 10000 6000 995 1 1 0
1 1001 1800 8750 1 1 0 0 10000 6000 -1 -1 -1 0
0 1001 1800 -1 -1 -1 0 1 10000 6000 1005 1 -1 0
1 1001 1800 9375 1 1 0 0 10000 6000 -1 -1 -1 0
0 1001 1800 -1 -1 -1 0 1 10000 6000 1000 1 1 0
1 1001 1800 9687 1 1 0 0 10000 6000 -1 -1 -1 0
0 1001 1800 -1 -1 -1 0 1 10000 6000 1002 1 -1 0
1 1001 1800 9843 1 1 0 0 10000 6000 -1 -1 -1 0
0 1001 1800 -1 -1 -1 0 1 10000 6100 1001 1 0 0
1 1979 1800 9921 1 1 0 0 10000 6100 -1 -1 -1 0
0 1979 1800 -1 -1 -1 0 1 10000 6100 5000 1 -1 0
1 1979 1800 9960 1 1 0 0 10000 6100 -1 -1 -1 0
0 1979 1800 -1 -1 -1 0 1 10000 6100 2500 1 -1 0
1 1979 1800 9980 1 1 0 0 10000 6100 -1 -1 -1 0
0 1979 1800 -1 -1 -1 0 1 10000 6100 1250 1 1 0
1 1979 1800 9990 1 1 0 0 10000 6100 -1 -1 -1 0
0 1979 1800 -1 -1 -1 0 1 10000 6100 1875 1 1 0
1 1979 1800 9995 1 1 0 0 10000 6100 -1 -1 -1 0
0 1979 1800 -1 -1 -1 0 1 10000 6100 2187 1 -1 0
1 1979 1800 9997 1 1 0 0 10000 6100 -1 -1 -1 0
0 1979 1800 -1 -1 -1 0 1 10000 6100 2031 1 -1 0
1 1979 1800 9998 1 1 0 0 10000 6100 -1 -1 -1 0
0 1979 1800 -1 -1 -1 0 1 10000 6100 1953 1 1 0
1 1979 1800 9999 1 1 0 0 10000 6100 -1 -1 -1 0
0 1979 1800 -1 -1 -1 0 1 10000 6100 1992 1 -1 0
1 1979 1800 9999 1 1 0 0 10000 6100 -1 -1 -1 0
0 1979 1800 -1 -1 -1 0 1 10000 6100 1972 1 1 0
1 1979 1800 9999 1 1 0 0 10000 6100 -1 -1 -1 0
0 1979 1800 -1 -1 -1 0 1 10000 6100 1982 1 -1 0
1 1979 1800 5000 1 1 0 0 10000 6100 -1 -1 -1 0
0 1979 1800 -1 -1 -1 0 1 10000 6100 1977 1 1 0
1 1979 1800 7500 1 1 0 0 10000 6100 -1 -1 -1 0
0 1979 1800 -1 -1 -1 0 1 10000 6200 1979 1 0 0
1 1001 1800 8750 1 1 0 0 10000 6200 -1 -1 -1 0
0 1001 1800 -1 -1 -1 0 1 10000 6200 5000 1 -1 0
1 1001 1800 9375 1 1 0 0 10000 6200 -1 -1 -1 0
0 1001 1800 -1 -1 -1 0 1 10000 6200 2500 1 -1 0
1 1001 1800 9687 1 1 0 0 10000 6200 -1 -1 -1 0
0 1001 1800 -1 -1 -1 0 1 10000 6200 1250 1 -1 0
1 1001 1800 9843 1 1 0 0 10000 6200 -1 -1 -1 0
0 1001 1800 -1 -1 -1 0 1 10000 6200 625 1 1 0
1 1001 1800 9921 1 1 0 0 10000 6200 -1 -1 -1 0
0 1001 1800 -1 -1 -1 0 1 10000 6200 937 1 1 0
1 1001 1800 9960 1 1 0 0 10000 6200 -1 -1 -1 0
0 1001 1800 -1 -1 -1 0 1 10000 6200 1093 1 -1 0
1 1001 1800 9980 1 1 0 0 10000 6200 -1 -1 -1 0
0 1001 1800 -1 -1 -1 0 1 10000 6200 1015 1 -1 0
1 1001 1800 9990 1 1 0 0 10000 6200 -1 -1 -1 0
0 1001 1800 -1 -1 -1 0 1 10000 6200 976 1 1 0
1 1001 1800 9995 1 1 0 0 10000 6200 -1 -1 -1 0
0 1001 1800 -1 -1 -1 0 1 10000 6200 995 1 1 0
1 1001 1800 9997 1 1 0 0 10000 6200 -1 -1 -1 0
0 1001 1800 -1 -1 -1 0 1 10000 6200 1005 1 -1 0
1 1001 1800 9998 1 1 0 0 10000 6200 -1 -1 -1 0
0 1001 1800 -1 -1 -1 0 1 10000 6200 1000 1 1 0
1 1001 1800 9999 1 1 0 0 10000 6200 -1 -1 -1 0
0 1001 1800 -1 -1 -1 0 1 10000 6200 1002 1 -1 0
1 1001 1800 9999 1 1 0 0 10000 6200 -1 -1 -1 0
0 1001 1800 -1 -1 -1 0 1 10000 6300 1001 1 0 0
1 8989 1800 9999 1 1 0 0 10000 6300 -1 -1 -1 0
0 8989 1800 -1 -1 -1 0 1 10000 6300 5000 1 1 0
1 8989 1800 5000 1 1 0 0 10000 6300 -1 -1 -1 0
0 8989 1800 -1 -1 -1 0 1 10000 6300 7500 1 1 0
1 8989 1800 7500 1 1 0 0 10000 6300 -1 -1 -1 0
0 8989 1800 -1 -1 -1 0 1 10000 6300 8750 1 1 0
1 8989 1800 8750 1 1 0 0 10000 6300 -1 -1 -1 0
0 8989 1800 -1 -1 -1 0 1 10000 6300 9375 1 -1 0
1 8989 1800 9375 1 1 0 0 10000 6300 -1 -1 -1 0
0 8989 1800 -1 -1 -1 0 1 10000 6300 9062 1 -1 0
1 8989 1800 9687 1 1 0 0 10000 6300 -1 -1 -1 0
0 8989 1800 -1 -1 -1 0 1 10000 6300 8906 1 1 0
1 8989 1800 9843 1 1 0 0 10000 6300 -1 -1 -1 0
0 8989 1800 -1 -1 -1 0 1 10000 6300 8984 1 1 0
1 8989 1800 9921 1 1 0 0 10000 6300 -1 -1 -1 0
0 8989 1800 -1 -1 -1 0 1 10000 6300 9023 1 -1 0
1 8989 1800 9960 1 1 0 0 10000 6300 -1 -1 -1 0
0 8989 1800 -1 -1 -1 0 1 10000 6300 9003 1 -1 0
1 8989 1800 9980 1 1 0 0 10000 6300 -1 -1 -1 0
0 8989 1800 -1 -1 -1 0 1 10000 6300 8993 1 -1 0
1 8989 1800 9990 1 1 0 0 10000 6300 -1 -1 -1 0
0 8989 1800 -1 -1 -1 0 1 10000 6300 8988 1 1 0
1 8989 1800 9995 1 1 0 0 10000 6300 -1 -1 -1 0
0 8989 1800 -1 -1 -1 0 1 10000 6300 8990 1 -1 0
1 8989 1800 9997 1 1 0 0 10000 6300 -1 -1 -1 0
0 8989 1800 -1 -1 -1 0 1 10000 6400 8989 1 0 0
1 10000 1800 9998 1 1 0 0 10000 6400 -1 -1 -1 0
0 10000 1800 -1 -1 -1 0 1 10000 6400 5000 1 1 0
1 10000 1800 9999 1 1 0 0 10000 6400 -1 -1 -1 0
0 10000 1800 -1 -1 -1 0 1 10000 6400 7500 1 1 0
1 10000 1800 9999 1 1 0 0 10000 6400 -1 -1 -1 0
0 10000 1800 -1 -1 -1 0 1 10000 6400 8750 1 1 0
1 10000 1800 9999 1 1 0 0 10000 6400 -1 -1 -1 0
0 10000 1800 -1 -1 -1 0 1 10000 6400 9375 1 1 0
1 10000 1800 5000 1 1 0 0 10000 6400 -1 -1 -1 0
0 10000 1800 -1 -1 -1 0 1 10000 6400 9688 1 1 0
1 10000 1800 7500 1 1 0 0 10000 6400 -1 -1 -1 0
0 10000 1800 -1 -1 -1 0 1 10000 6400 9844 1 1 0
1 10000 1800 8750 1 1 0 0 10000 6400 -1 -1 -1 0
0 10000 1800 -1 -1 -1 0 1 10000 6400 9922 1 1 0
1 10000 1800 9375 1 1 0 0 10000 6400 -1 -1 -1 0
0 10000 1800 -1 -1 -1 0 1 10000 6400 9961 1 1 0
1 10000 1800 9687 1 1 0 0 10000 6400 -1 -1 -1 0
0 10000 1800 -1 -1 -1 0 1 10000 6400 9981 1 1 0
1 10000 1800 9843 1 1 0 0 10000 6400 -1 -1 -1 0
0 10000 1800 -1 -1 -1 0 1 10000 6400 9991 1 1 0
1 10000 1800 9921 1 1 0 0 10000 6400 -1 -1 -1 0
0 10000 1800 -1 -1 -1 0 1 10000 6400 9996 1 1 0
1 10000 1800 9960 1 1 0 0 10000 6400 -1 -1 -1 0
0 10000 1800 -1 -1 -1 0 1 10000 6400 9998 1 1 0
1 10000 1800 9980 1 1 0 0 10000 6400 -1 -1 -1 0
0 10000 1800 -1 -1 -1 0 1 10000 6400 9999 1 1 0
1 10000 1800 9990 1 1 0 0 10000 6400 -1 -1 -1 0
0 10000 1800 -1 -1 -1 0 1 10000 6500 10000 1 0 0
1 1979 1800 9995 1 1 0 0 10000 6500 -1 -1 -1 0
0 1979 1800 -1 -1 -1 0 1 10000 6500 5000 1 -1 0
1 1979 1800 9997 1 1 0 0 10000 6500 -1 -1 -1 0
0 1979 1800 -1 -1 -1 0 1 10000 6500 2500 1 -1 0
1 1979 1800 9998 1 1 0 0 10000 6500 -1 -1 -1 0
0 1979 1800 -1 -1 -1 0 1 10000 6500 1250 1 1 0
1 2006 1800 9999 1 1 0 0 10000 6500 -1 -1 -1 0
0 2006 1800 -1 -1 -1 0 1 10000 6500 1875 1 1 0
1 2006 1800 9999 1 1 0 0 10000 6500 -1 -1 -1 0
0 2006 1800 -1 -1 -1 0 1 10000 6500 2187 1 -1 0
1 2006 1800 9999 1 1 0 0 10000 6500 -1 -1 -1 0
0 2006 1800 -1 -1 -1 0 1 10000 6500 2031 1 -1 0
1 2006 1800 5000 1 1 0 0 10000 6500 -1 -1 -1 0
0 2006 1800 -1 -1 -1 0 1 10000 6500 1953 1 1 0
1 2006 1800 7500 1 1 0 0 10000 6500 -1 -1 -1 0
0 2006 1800 -1 -1 -1 0 1 10000 6500 1992 1 1 0
1 2006 1800 8750 1 1 0 0 10000 6500 -1 -1 -1 0
0 2006 1800 -1 -1 -1 0 1 10000 6500 2011 1 -1 0
1 2006 1800 9375 1 1 0 0 10000 6500 -1 -1 -1 0
0 2006 1800 -1 -1 -1 0 1 10000 6500 2001 1 1 0
1 2006 1800 9687 1 1 0 0 10000 6500 -1 -1 -1 0
0 2006 1800 -1 -1 -1 0 1 10000 6600 2006 1 0 0
1 8989 1800 9843 1 1 0 0 10000 6600 -1 -1 -1 0
0 8989 1800 -1 -1 -1 0 1 10000 6600 5000 1 1 0
1 8989 1800 9921 1 1 0 0 10000 6600 -1 -1 -1 0
0 8989 1800 -1 -1 -1 0 1 10000 6600 7500 1 1 0
1 8989 1800 9960 1 1 0 0 10000 6600 -1 -1 -1 0
0 8989 1800 -1 -1 -1 0 1 10000 6600 8750 1 1 0
1 8989 1800 9980 1 1 0 0 10000 6600 -1 -1 -1 0
0 8989 1800 -1 -1 -1 0 1 10000 6600 9375 1 -1 0
1 8989 1800 9990 1 1 0 0 10000 6600 -1 -1 -1 0
0 8989 1800 -1 -1 -1 0 1 10000 6600 9062 1 -1 0
1 8989 1800 9995 1 1 0 0 10000 6600 -1 -1 -1 0
0 8989 1800 -1 -1 -1 0 1 10000 6600 8906 1 1 0
1 8989 1800 9997 1 1 0 0 10000 6600 -1 -1 -1 0
0 8989 1800 -1 -1 -1 0 1 10000 6600 8984 1 1 0
1 8989 1800 9998 1 1 0 0 10000 6600 -1 -1 -1 0
0 8989 1800 -1 -1 -1 0 1 10000 6600 9023 1 -1 0
1 8989 1800 9999 1 1 0 0 10000 6600 -1 -1 -1 0
0 8989 1800 -1 -1 -1 0 1 10000 6600 9003 1 -1 0
1 8989 1800 9999 1 1 0 0 10000 6600 -1 -1 -1 0
0 8989 1800 -1 -1 -1 0 1 10000 6600 8993 1 -1 0
1 8989 1800 9999 1 1 0 0 10000 6600 -1 -1 -1 0
0 8989 1800 -1 -1 -1 0 1 10000 6600 8988 1 1 0
1 8989 1800 5000 1 1 0 0 10000 6600 -1 -1 -1 0
0 8989 1800 -1 -1 -1 0 1 10000 6600 8990 1 -1 0
1 8989 1800 7500 1 1 0 0 10000 6600 -1 -1 -1 0
0 8989 1800 -1 -1 -1 0 1 10000 6700 8989 1 0 0
1 1 1800 8750 1 1 0 0 10000 6700 -1 -1 -1 0
0 1 1800 -1 -1 -1 0 1 10000 6700 5000 1 -1 0
1 1 1800 9375 1 1 0 0 10000 6700 -1 -1 -1 0
0 1 1800 -1 -1 -1 0 1 10000 6700 2500 1 -1 0
1 1 1800 9687 1 1 0 0 10000 6700 -1 -1 -1 0
0 1 1800 -1 -1 -1 0 1 10000 6700 1250 1 -1 0
1 1 1800 9843 1 1 0 0 10000 6700 -1 -1 -1 0
0 1 1800 -1 -1 -1 0 1 10000 6700 625 1 -1 0
1 1 1800 9921 1 1 0 0 10000 6700 -1 -1 -1 0
0 1 1800 -1 -1 -1 0 1 10000 6700 312 1 -1 0
1 1 1800 9960 1 1 0 0 10000 6700 -1 -1 -1 0
0 1 1800 -1 -1 -1 0 1 10000 6700 156 1 -1 0
1 1 1800 9980 1 1 0 0 10000 6700 -1 -1 -1 0
0 1 1800 -1 -1 -1 0 1 10000 6700 78 1 -1 0
1 1 1800 9990 1 1 0 0 10000 6700 -1 -1 -1 0
0 1 1800 -1 -1 -1 0 1 10000 6700 39 1 -1 0
1 1 1800 9995 1 1 0 0 10000 6700 -1 -1 -1 0
0 1 1800 -1 -1 -1 0 1 10000 6700 19 1 -1 0
1 1 1800 9997 1 1 0 0 10000 6700 -1 -1 -1 0
0 1 1800 -1 -1 -1 0 1 10000 6700 9 1 -1 0
1 1 1800 9998 1 1 0 0 10000 6700 -1 -1 -1 0
0 1 1800 -1 -1 -1 0 1 10000 6700 4 1 -1 0
1 1 1800 9999 1 1 0 0 10000 6700 -1 -1 -1 0
0 1 1800 -1 -1 -1 0 1 10000 6700 2 1 -1 0
1 1 1800 9999 1 1 0 0 10000 6700 -1 -1 -1 0
0 1 1800 -1 -1 -1 0 1 10000 6800 1 1 0 0
1 1979 1800 9999 1 1 0 0 10000 6800 -1 -1 -1 0
0 1979 1800 -1 -1 -1 0 1 10000 6800 5000 1 -1 0
1 1979 1800 5000 1 1 0 0 10000 6800 -1 -1 -1 0
0 1979 1800 -1 -1 -1 0 1 10000 6800 2500 1 -1 0
1 1979 1800 7500 1 1 0 0 10000 6800 -1 -1 -1 0
0 1979 1800 -1 -1 -1 0 1 10000 6800 1250 1 1 0
1 1979 1800 8750 1 1 0 0 10000 6800 -1 -1 -1 0
0 1979 1800 -1 -1 -1 0 1 10000 6800 1875 1 1 0
1 1979 1800 9375 1 1 0 0 10000 6800 -1 -1 -1 0
0 1979 1800 -1 -1 -1 0 1 10000 6800 2187 1 -1 0
1 1979 1800 9687 1 1 0 0 10000 6800 -1 -1 -1 0
0 1979 1800 -1 -1 -1 0 1 10000 6800 2031 1 -1 0
1 1979 1800 9843 1 1 0 0 10000 6800 -1 -1 -1 0
0 1979 1800 -1 -1 -1 0 1 10000 6800 1953 1 1 0
1 1979 1800 9921 1 1 0 0 10000 6800 -1 -1 -1 0
0 1979 1800 -1 -1 -1 0 1 10000 6800 1992 1 -1 0
1 1979 1800 9960 1 1 0 0 10000 6800 -1 -1 -1 0
0 1979 1800 -1 -1 -1 0 1 10000 6800 1972 1 1 0
1 1979 1800 9980 1 1 0 0 10000 6800 -1 -1 -1 0
0 1979 1800 -1 -1 -1 0 1 10000 6800 1982 1 -1 0
1 1979 1800 9990 1 1 0 0 10000 6800 -1 -1 -1 0
0 1979 1800 -1 -1 -1 0 1 10000 6800 1977 1 1 0
1 1979 1800 9995 1 1 0 0 10000 6800 -1 -1 -1 0
0 1979 1800 -1 -1 -1 0 1 10000 6900 1979 1 0 0
1 1 1800 9997 1 1 0 0 10000 6900 -1 -1 -1 0
0 1 1800 -1 -1 -1 0 1 10000 6900 5000 1 -1 0
1 1 1800 9998 1 1 0 0 10000 6900 -1 -1 -1 0
0 1 1800 -1 -1 -1 0 1 10000 6900 2500 1 -1 0
1 1 1800 9999 1 1 0 0 10000 6900 -1 -1 -1 0
0 1 1800 -1 -1 -1 0 1 10000 6900 1250 1 -1 0
1 1 1800 9999 1 1 0 0 10000 6900 -1 -1 -1 0
0 1 1800 -1 -1 -1 0 1 10000 6900 625 1 -1 0
1 1 1800 9999 1 1 0 0 10000 6900 -1 -1 -1 0
0 1 1800 -1 -1 -1 0 1 10000 6900 312 1 -1 0
1 1 1800 5000 1 1 0 0 10000 6900 -1 -1 -1 0
0 1 1800 -1 -1 -1 0 1 10000 6900 156 1 -1 0
1 1 1800 7500 1 1 0 0 10000 6900 -1 -1 -1 0
0 1 1800 -1 -1 -1 0 1 10000 6900 78 1 -1 0
1 1 1800 8750 1 1 0 0 10000 6900 -1 -1 -1 0
0 1 1800 -1 -1 -1 0 1 10000 6900 39 1 -1 0
1 1 1800 9375 1 1 0 0 10000 6900 -1 -1 -1 0
0 1 1800 -1 -1 -1 0 1 10000 6900 19 1 -1 0
1 1 1800 9687 1 1 0 0 10000 6900 -1 -1 -1 0
0 1 1800 -1 -1 -1 0 1 10000 6900 9 1 -1 0
1 1 1800 9843 1 1 0 0 10000 6900 -1 -1 -1 0
0 1 1800 -1 -1 -1 0 1 10000 6900 4 1 -1 0
1 1 1800 9921 1 1 0 0 10000 6900 -1 -1 -1 0
0 1 1800 -1 -1 -1 0 1 10000 6900 2 1 -1 0
1 1 1800 9960 1 1 0 0 10000 6900 -1 -1 -1 0
0 1 1800 -1 -1 -1 0 1 10000 7000 1 1 0 0
1 1979 1800 9980 1 1 0 0 10000 7000 -1 -1 -1 0
0 1979 1800 -1 -1 -1 0 1 10000 7000 5000 1 -1 0
1 1979 1800 9990 1 1 0 0 10000 7000 -1 -1 -1 0
0 1979 1800 -1 -1 -1 0 1 10000 7000 2500 1 -1 0
1 1979 1800 9995 1 1 0 0 10000 7000 -1 -1 -1 0
0 1979 1800 -1 -1 -1 0 1 10000 7000 1250 1 1 0
1 1979 1800 9997 1 1 0 0 10000 7000 -1 -1 -1 0
0 1979 1800 -1 -1 -1 0 1 10000 7000 1875 1 1 0
1 1979 1800 9998 1 1 0 0 10000 7000 -1 -1 -1 0
0 1979 1800 -1 -1 -1 0 1 10000 7000 2187 1 -1 0
1 1979 1800 9999 1 1 0 0 10000 7000 -1 -1 -1 0
0 1979 1800 -1 -1 -1 0 1 10000 7000 2031 1 -1 0
1 1979 1800 9999 1 1 0 0 10000 7000 -1 -1 -1 0
0 1979 1800 -1 -1 -1 0 1 10000 7000 1953 1 1 0
1 1979 1800 9999 1 1 0 0 10000 7000 -1 -1 -1 0
0 1979 1800 -1 -1 -1 0 1 10000 7000 1992 1 -1 0
1 1979 1800 5000 1 1 0 0 10000 7000 -1 -1 -1 0
0 1979 1800 -1 -1 -1 0 1 10000 7000 1972 1 1 0
1 1979 1800 7500 1 1 0 0 10000 7000 -1 -1 -1 0
0 1979 1800 -1 -1 -1 0 1 10000 7000 1982 1 -1 0
1 1979 1800 8750 1 1 0 0 10000 7000 -1 -1 -1 0
0 1979 1800 -1 -1 -1 0 1 10000 7000 1977 1 1 0
1 1979 1800 9375 1 1 0 0 10000 7000 -1 -1 -1 0
0 1979 1800 -1 -1 -1 0 1 10000 7100 1979 1 0 0
1 1001 1800 9687 1 1 0 0 10000 7100 -1 -1 -1 0
0 1001 1800 -1 -1 -1 0 1 10000 7100 5000 1 -1 0
1 1001 1800 9843 1 1 0 0 10000 7100 -1 -1 -1 0
0 1001 1800 -1 -1 -1 0 1 10000 7100 2500 1 -1 0
1 1001 1800 9921 1 1 0 0 10000 7100 -1 -1 -1 0
0 1001 1800 -1 -1 -1 0 1 10000 7100 1250 1 -1 0
1 1001 1800 9960 1 1 0 0 10000 7100 -1 -1 -1 0
0 1001 1800 -1 -1 -1 0 1 10000 7100 625 1 1 0
1 1001 1800 9980 1 1 0 0 10000 7100 -1 -1 -1 0
0 1001 1800 -1 -1 -1 0 1 10000 7100 937 1 1 0
1 1001 1800 9990 1 1 0 0 10000 7100 -1 -1 -1 0
0 1001 1800 -1 -1 -1 0 1 10000 7100 1093 1 -1 0
1 1001 1800 9995 1 1 0 0 10000 7100 -1 -1 -1 0
0 1001 1800 -1 -1 -1 0 1 10000 7100 1015 1 -1 0
1 1001 1800 9997 1 1 0 0 10000 7100 -1 -1 -1 0
0 1001 1800 -1 -1 -1 0 1 10000 7100 976 1 1 0
1 1001 1800 9998 1 1 0 0 10000 7100 -1 -1 -1 0
0 1001 1800 -1 -1 -1 0 1 10000 7100 995 1 1 0
1 1001 1800 9999 1 1 0 0 10000 7100 -1 -1 -1 0
0 1001 1800 -1 -1 -1 0 1 10000 7100 1005 1 -1 0
1 1001 1800 9999 1 1 0 0 10000 7100 -1 -1 -1 0
0 1001 1800 -1 -1 -1 0 1 10000 7100 1000 1 1 0
1 1001 1800 9999 1 1 0 0 10000 7100 -1 -1 -1 0
0 1001 1800 -1 -1 -1 0 1 10000 7100 1002 1 -1 0
1 1001 1800 5000 1 1 0 0 10000 7100 -1 -1 -1 0
0 1001 1800 -1 -1 -1 0 1 10000 7200 1001 1 0 0
1 1979 1800 7500 1 1 0 0 10000 7200 -1 -1 -1 0
0 1979 1800 -1 -1 -1 0 1 10000 7200 5000 1 -1 0
1 1979 1800 8750 1 1 0 0 10000 7200 -1 -1 -1 0
0 1979 1800 -1 -1 -1 0 1 10000 7200 2500 1 -1 0
1 1979 1800 9375 1 1 0 0 10000 7200 -1 -1 -1 0
0 1979 1800 -1 -1 -1 0 1 10000 7200 1250 1 1 0
1 1979 1800 9687 1 1 0 0 10000 7200 -1 -1 -1 0
0 1979 1800 -1 -1 -1 0 1 10000 7200 1875 1 1 0
1 1979 1800 9843 1 1 0 0 10000 7200 -1 -1 -1 0
0 1979 1800 -1 -1 -1 0 1 10000 7200 2187 1 -1 0
1 1979 1800 9921 1 1 0 0 10000 7200 -1 -1 -1 0
0 1979 1800 -1 -1 -1 0 1 10000 7200 2031 1 -1 0
1 1979 1800 9960 1 1 0 0 10000 7200 -1 -1 -1 0
0 1979 1800 -1 -1 -1 0 1 10000 7200 1953 1 1 0
1 1979 1800 9980 1 1 0 0 10000 7200 -1 -1 -1 0
0 1979 1800 -1 -1 -1 0 1 10000 7200 1992 1 -1 0
1 1979 1800 9990 1 1 0 0 10000 7200 -1 -1 -1 0
0 1979 1800 -1 -1 -1 0 1 10000 7200 1972 1 1 0
1 1979 1800 9995 1 1 0 0 10000 7200 -1 -1 -1 0
0 1979 1800 -1 -1 -1 0 1 10000 7200 1982 1 -1 0
1 1979 1800 9997 1 1 0 0 10000 7200 -1 -1 -1 0
0 1979 1800 -1 -1 -1 0 1 10000 7200 1977 1 1 0
1 1979 1800 9998 1 1 0 0 10000 7200 -1 -1 -1 0
0 1979 1800 -1 -1 -1 0 1 10000 7300 1979 1 0 0
1 1001 1800 9999 1 1 0 0 10000 7300 -1 -1 -1 0
0 1001 1800 -1 -1 -1 0 1 10000 7300 5000 1 -1 0
1 1001 1800 9999 1 1 0 0 10000 7300 -1 -1 -1 0
0 1001 1800 -1 -1 -1 0 1 10000 7300 2500 1 -1 0
1 1001 1800 9999 1 1 0 0 10000 7300 -1 -1 -1 0
0 1001 1800 -1 -1 -1 0 1 10000 7300 1250 1 -1 0
1 1001 1800 5000 1 1 0 0 10000 7300 -1 -1 -1 0
0 1001 1800 -1 -1 -1 0 1 10000 7300 625 1 1 0
1 1001 1800 7500 1 1 0 0 10000 7300 -1 -1 -1 0
0 1001 1800 -1 -1 -1 0 1 10000 7300 937 1 1 0
1 1001 1800 8750 1 1 0 0 10000 7300 -1 -1 -1 0
0 1001 1800 -1 -1 -1 0 1 10000 7300 1093 1 -1 0
1 1001 1800 9375 1 1 0 0 10000 7300 -1 -1 -1 0
0 1001 1800 -1 -1 -1 0 1 10000 7300 1015 1 -1 0
1 1001 1800 9687 1 1 0 0 10000 7300 -1 -1 -1 0
0 1001 1800 -1 -1 -1 0 1 10000 7300 976 1 1 0
1 1001 1800 9843 1 1 0 0 10000 7300 -1 -1 -1 0
0 1001 1800 -1 -1 -1 0 1 10000 7300 995 1 1 0
1 1001 1800 9921 1 1 0 0 10000 7300 -1 -1 -1 0
0 1001 1800 -1 -1 -1 0 1 10000 7300 1005 1 -1 0
1 1001 1800 9960 1 1 0 0 10000 7300 -1 -1 -1 0
0 1001 1800 -1 -1 -1 0 1 10000 7300 1000 1 1 0
1 1001 1800 9980 1 1 0 0 10000 7300 -1 -1 -1 0
0 1001 1800 -1 -1 -1 0 1 10000 7300 1002 1 -1 0
1 1001 1800 9990 1 1 0 0 10000 7300 -1 -1 -1 0
0 1001 1800 -1 -1 -1 0 1 10000 7400 1001 1 0 0
1 1001 1800 9995 1 1 0 0 10000 7400 -1 -1 -1 0
0 1001 1800 -1 -1 -1 0 1 10000 7400 5000 1 -1 0
1 1001 1800 9997 1 1 0 0 10000 7400 -1 -1 -1 0
0 1001 1800 -1 -1 -1 0 1 10000 7400 2500 1 -1 0
1 1001 1800 9998 1 1 0 0 10000 7400 -1 -1 -1 0
0 1001 1800 -1 -1 -1 0 1 10000 7400 1250 1 -1 0
1 1001 1800 9999 1 1 0 0 10000 7400 -1 -1 -1 0
0 1001 1800 -1 -1 -1 0 1 10000 7400 625 1 1 0
1 1001 1800 9999 1 1 0 0 10000 7400 -1 -1 -1 0
0 1001 1800 -1 -1 -1 0 1 10000 7400 937 1 1 0
1 1001 1800 9999 1 1 0 0 10000 7400 -1 -1 -1 0
0 1001 1800 -1 -1 -1 0 1 10000 7400 1093 1 -1 0
1 1001 1800 5000 1 1 0 0 10000 7400 -1 -1 -1 0
0 1001 1800 -1 -1 -1 0 1 10000 7400 1015 1 -1 0
1 1001 1800 7500 1 1 0 0 10000 7400 -1 -1 -1 0
0 1001 1800 -1 -1 -1 0 1 10000 7400 976 1 1 0
1 1001 1800 8750 1 1 0 0 10000 7400 -1 -1 -1 0
0 1001 1800 -1 -1 -1 0 1 10000 7400 995 1 1 0
1 1001 1800 9375 1 1 0 0 10000 7400 -1 -1 -1 0
0 1001 1800 -1 -1 -1 0 1 10000 7400 1005 1 -1 0
1 1001 1800 9687 1 1 0 0 10000 7400 -1 -1 -1 0
0 1001 1800 -1 -1 -1 0 1 10000 7400 1000 1 1 0
1 1001 1800 9843 1 1 0 0 10000 7400 -1 -1 -1 0
0 1001 1800 -1 -1 -1 0 1 10000 7400 1002 1 -1 0
1 1001 1800 9921 1 1 0 0 10000 7400 -1 -1 -1 0
0 1001 1800 -1 -1 -1 0 1 10000 7500 1001 1 0 0
1 1979 1800 9960 1 1 0 0 10000 7500 -1 -1 -1 0
0 1979 1800 -1 -1 -1 0 1 10000 7500 5000 1 -1 0
1 1979 1800 9980 1 1 0 0 10000 7500 -1 -1 -1 0
0 1979 1800 -1 -1 -1 0 1 10000 7500 2500 1 -1 0
1 1979 1800 9990 1 1 0 0 10000 7500 -1 -1 -1 0
0 1979 1800 -1 -1 -1 0 1 10000 7500 1250 1 1 0
1 1979 1800 9995 1 1 0 0 10000 7500 -1 -1 -1 0
0 1979 1800 -1 -1 -1 0 1 10000 7500 1875 1 1 0
1 1979 1800 9997 1 1 0 0 10000 7500 -1 -1 -1 0
0 1979 1800 -1 -1 -1 0 1 10000 7500 2187 1 -1 0
1 1979 1800 9998 1 1 0 0 10000 7500 -1 -1 -1 0
0 1979 1800 -1 -1 -1 0 1 10000 7500 2031 1 -1 0
1 1979 1800 9999 1 1 0 0 10000 7500 -1 -1 -1 0
0 1979 1800 -1 -1 -1 0 1 10000 7500 1953 1 1 0
1 1979 1800 9999 1 1 0 0 10000 7500 -1 -1 -1 0
0 1979 1800 -1 -1 -1 0 1 10000 7500 1992 1 -1 0
1 1979 1800 9999 1 1 0 0 10000 7500 -1 -1 -1 0
0 1979 1800 -1 -1 -1 0 1 10000 7500 1972 1 1 0
1 1979 1800 5000 1 1 0 0 10000 7500 -1 -1 -1 0
0 1979 1800 -1 -1 -1 0 1 10000 7500 1982 1 -1 0
1 1979 1800 7500 1 1 0 0 10000 7500 -1 -1 -1 0
0 1979 1800 -1 -1 -1 0 1 10000 7500 1977 1 1 0
1 1979 1800 8750 1 1 0 0 10000 7500 -1 -1 -1 0
0 1979 1800 -1 -1 -1 0 1 10000 7600 1979 1 0 0
1 1001 1800 9375 1 1 0 0 10000 7600 -1 -1 -1 0
0 1001 1800 -1 -1 -1 0 1 10000 7600 5000 1 -1 0
1 1001 1800 9687 1 1 0 0 10000 7600 -1 -1 -1 0
0 1001 1800 -1 -1 -1 0 1 10000 7600 2500 1 -1 0
1 1001 1800 9843 1 1 0 0 10000 7600 -1 -1 -1 0
0 1001 1800 -1 -1 -1 0 1 10000 7600 1250 1 -1 0
1 1001 1800 9921 1 1 0 0 10000 7600 -1 -1 -1 0
0 1001 1800 -1 -1 -1 0 1 10000 7600 625 1 1 0
1 1001 1800 9960 1 1 0 0 10000 7600 -1 -1 -1 0
0 1001 1800 -1 -1 -1 0 1 10000 7600 937 1 1 0
1 1001 1800 9980 1 1 0 0 10000 7600 -1 -1 -1 0
0 1001 1800 -1 -1 -1 0 1 10000 7600 1093 1 -1 0
1 1001 1800 9990 1 1 0 0 10000 7600 -1 -1 -1 0
0 1001 1800 -1 -1 -1 0 1 10000 7600 1015 1 -1 0
1 1001 1800 9995 1 1 0 0 10000 7600 -1 -1 -1 0
0 1001 1800 -1 -1 -1 0 1 10000 7600 976 1 1 0
1 1001 1800 9997 1 1 0 0 10000 7600 -1 -1 -1 0
0 1001 1800 -1 -1 -1 0 1 10000 7600 995 1 1 0
1 1001 1800 9998 1 1 0 0 10000 7600 -1 -1 -1 0
0 1001 1800 -1 -1 -1 0 1 10000 7600 1005 1 -1 0
1 1001 1800 9999 1 1 0 0 10000 7600 -1 -1 -1 0
0 1001 1800 -1 -1 -1 0 1 10000 7600 1000 1 1 0
1 1001 1800 9999 1 1 0 0 10000 7600 -1 -1 -1 0
0 1001 1800 -1 -1 -1 0 1 10000 7600 1002 1 -1 0
1 1001 1800 9999 1 1 0 0 10000 7600 -1 -1 -1 0
0 1001 1800 -1 -1 -1 0 1 10000 7700 1001 1 0 0
1 97 1800 5000 1 1 0 0 10000 7700 -1 -1 -1 0
0 97 1800 -1 -1 -1 0 1 10000 7700 5000 1 -1 0
1 97 1800 7500 1 1 0 0 10000 7700 -1 -1 -1 0
0 97 1800 -1 -1 -1 0 1 10000 7700 2500 1 -1 0
1 97 1800 8750 1 1 0 0 10000 7700 -1 -1 -1 0
0 97 1800 -1 -1 -1 0 1 10000 7700 1250 1 -1 0
1 97 1800 9375 1 1 0 0 10000 7700 -1 -1 -1 0
0 97 1800 -1 -1 -1 0 1 10000 7700 625 1 -1 0
1 97 1800 9687 1 1 0 0 10000 7700 -1 -1 -1 0
0 97 1800 -1 -1 -1 0 1 10000 7700 312 1 -1 0
1 97 1800 9843 1 1 0 0 10000 7700 -1 -1 -1 0
0 97 1800 -1 -1 -1 0 1 10000 7700 156 1 -1 0
1 97 1800 9921 1 1 0 0 10000 7700 -1 -1 -1 0
0 97 1800 -1 -1 -1 0 1 10000 7700 78 1 1 0
1 97 1800 9960 1 1 0 0 10000 7700 -1 -1 -1 0
0 97 1800 -1 -1 -1 0 1 10000 7700 117 1 -1 0
1 97 1800 9980 1 1 0 0 10000 7700 -1 -1 -1 0
0 97 1800 -1 -1 -1 0 1 10000 7800 97 1 0 0
1 1 1800 9990 1 1 0 0 10000 7800 -1 -1 -1 0
0 1 1800 -1 -1 -1 0 1 10000 7800 5000 1 -1 0
1 1 1800 9995 1 1 0 0 10000 7800 -1 -1 -1 0
0 1 1800 -1 -1 -1 0 1 10000 7800 2500 1 -1 0
1 1 1800 9997 1 1 0 0 10000 7800 -1 -1 -1 0
0 1 1800 -1 -1 -1 0 1 10000 7800 1250 1 -1 0
1 1 1800 9998 1 1 0 0 10000 7800 -1 -1 -1 0
0 1 1800 -1 -1 -1 0 1 10000 7800 625 1 -1 0
1 1 1800 9999 1 1 0 0 10000 7800 -1 -1 -1 0
0 1 1800 -1 -1 -1 0 1 10000 7800 312 1 -1 0
1 1 1800 9999 1 1 0 0 10000 7800 -1 -1 -1 0
0 1 1800 -1 -1 -1 0 1 10000 7800 156 1 -1 0
1 1 1800 9999 1 1 0 0 10000 7800 -1 -1 -1 0
0 1 1800 -1 -1 -1 0 1 10000 7800 78 1 -1 0
1 1 1800 5000 1 1 0 0 10000 7800 -1 -1 -1 0
0 1 1800 -1 -1 -1 0 1 10000 7800 39 1 -1 0
1 1 1800 7500 1 1 0 0 10000 7800 -1 -1 -1 0
0 1 1800 -1 -1 -1 0 1 10000 7800 19 1 -1 0
1 1 1800 8750 1 1 0 0 10000 7800 -1 -1 -1 0
0 1 1800 -1 -1 -1 0 1 10000 7800 9 1 -1 0
1 1 1800 9375 1 1 0 0 10000 7800 -1 -1 -1 0
0 1 1800 -1 -1 -1 0 1 10000 7800 4 1 -1 0
1 1 1800 9687 1 1 0 0 10000 7800 -1 -1 -1 0
0 1 1800 -1 -1 -1 0 1 10000 7800 2 1 -1 0
1 1 1800 9843 1 1 0 0 10000 7800 -1 -1 -1 0
0 1 1800 -1 -1 -1 0 1 10000 7900 1 1 0 0
1 1 1800 9921 1 1 0 0 10000 7900 -1 -1 -1 0
0 1 1800 -1 -1 -1 0 1 10000 7900 5000 1 -1 0
1 1 1800 9960 1 1 0 0 10000 7900 -1 -1 -1 0
0 1 1800 -1 -1 -1 0 1 10000 7900 2500 1 -1 0
1 1 1800 9980 1 1 0 0 10000 7900 -1 -1 -1 0
0 1 1800 -1 -1 -1 0 1 10000 7900 1250 1 -1 0
1 1 1800 9990 1 1 0 0 10000 7900 -1 -1 -1 0
0 1 1800 -1 -1 -1 0 1 10000 7900 625 1 -1 0
1 1 1800 9995 1 1 0 0 10000 7900 -1 -1 -1 0
0 1 1800 -1 -1 -1 0 1 10000 7900 312 1 -1 0
1 1 1800 9997 1 1 0 0 10000 7900 -1 -1 -1 0
0 1 1800 -1 -1 -1 0 1 10000 7900 156 1 -1 0
1 1 1800 9998 1 1 0 0 10000 7900 -1 -1 -1 0
0 1 1800 -1 -1 -1 0 1 10000 7900 78 1 -1 0
1 1 1800 9999 1 1 0 0 10000 7900 -1 -1 -1 0
0 1 1800 -1 -1 -1 0 1 10000 7900 39 1 -1 0
1 1 1800 9999 1 1 0 0 10000 7900 -1 -1 -1 0
0 1 1800 -1 -1 -1 0 1 10000 7900 19 1 -1 0
1 1 1800 9999 1 1 0 0 10000 7900 -1 -1 -1 0
0 1 1800 -1 -1 -1 0 1 10000 7900 9 1 -1 0
1 1 1800 5000 1 1 0 0 10000 7900 -1 -1 -1 0
0 1 1800 -1 -1 -1 0 1 10000 7900 4 1 -1 0
1 1 1800 7500 1 1 0 0 10000 7900 -1 -1 -1 0
0 1 1800 -1 -1 -1 0 1 10000 7900 2 1 -1 0
1 1 1800 8750 1 1 0 0 10000 7900 -1 -1 -1 0
0 1 1800 -1 -1 -1 0 1 10000 8000 1 1 0 0
1 1001 1800 9375 1 1 0 0 10000 8000 -1 -1 -1 0
0 1001 1800 -1 -1 -1 0 1 10000 8000 5000 1 -1 0
1 1001 1800 9687 1 1 0 0 10000 8000 -1 -1 -1 0
0 1001 1800 -1 -1 -1 0 1 10000 8000 2500 1 -1 0
1 1001 1800 9843 1 1 0 0 10000 8000 -1 -1 -1 0
0 1001 1800 -1 -1 -1 0 1 10000 8000 1250 1 -1 0
1 1001 1800 9921 1 1 0 0 10000 8000 -1 -1 -1 0
0 1001 1800 -1 -1 -1 0 1 10000 8000 625 1 1 0
1 1001 1800 9960 1 1 0 0 10000 8000 -1 -1 -1 0
0 1001 1800 -1 -1 -1 0 1 10000 8000 937 1 1 0
1 1001 1800 9980 1 1 0 0 10000 8000 -1 -1 -1 0
0 1001 1800 -1 -1 -1 0 1 10000 8000 1093 1 -1 0
1 1001 1800 9990 1 1 0 0 10000 8000 -1 -1 -1 0
0 1001 1800 -1 -1 -1 0 1 10000 8000 1015 1 -1 0
1 1001 1800 9995 1 1 0 0 10000 8000 -1 -1 -1 0
0 1001 1800 -1 -1 -1 0 1 10000 8000 976 1 1 0
1 1001 1800 9997 1 1 0 0 10000 8000 -1 -1 -1 0
0 1001 1800 -1 -1 -1 0 1 10000 8000 995 1 1 0
1 1001 1800 9998 1 1 0 0 10000 8000 -1 -1 -1 0
0 1001 1800 -1 -1 -1 0 1 10000 8000 1005 1 -1 0
1 1001 1800 9999 1 1 0 0 10000 8000 -1 -1 -1 0
0 1001 1800 -1 -1 -1 0 1 10000 8000 1000 1 1 0
1 1001 1800 9999 1 1 0 0 10000 8000 -1 -1 -1 0
0 1001 1800 -1 -1 -1 0 1 10000 8000 1002 1 -1 0
1 1001 1800 9999 1 1 0 0 10000 8000 -1 -1 -1 0
0 1001 1800 -1 -1 -1 0 1 10000 8100 1001 1 0 0
1 1001 1800 5000 1 1 0 0 10000 8100 -1 -1 -1 0
0 1001 1800 -1 -1 -1 0 1 10000 8100 5000 1 -1 0
1 1001 1800 7500 1 1 0 0 10000 8100 -1 -1 -1 0
0 1001 1800 -1 -1 -1 0 1 10000 8100 2500 1 -1 0
1 1001 1800 8750 1 1 0 0 10000 8100 -1 -1 -1 0
0 1001 1800 -1 -1 -1 0 1 10000 8100 1250 1 -1 0
1 1001 1800 9375 1 1 0 0 10000 8100 -1 -1 -1 0
0 1001 1800 -1 -1 -1 0 1 10000 8100 625 1 1 0
1 1001 1800 9687 1 1 0 0 10000 8100 -1 -1 -1 0
0 1001 1800 -1 -1 -1 0 1 10000 8100 937 1 1 0
1 1037 1800 9843 1 1 0 0 10000 8100 -1 -1 -1 0
0 1037 1800 -1 -1 -1 0 1 10000 8100 1093 1 -1 0
